# dimension = 2 sidelength = 50
# x | y
0	0
1	1265
2	672
3	436
4	349
5	294
6	238
7	181
8	181
9	149
10	127
11	132
12	92
13	103
14	90
15	85
16	87
17	63
18	77
19	71
20	59
21	62
22	74
23	58
24	49
25	45
26	51
27	45
28	44
29	45
30	44
31	46
32	41
33	38
34	45
35	38
36	33
37	32
38	28
39	39
40	40
41	27
42	38
43	35
44	33
45	30
46	33
47	19
48	24
49	28
50	24
51	24
52	26
53	23
54	28
55	29
56	24
57	21
58	18
59	22
60	20
61	19
62	16
63	19
64	21
65	24
66	21
67	14
68	16
69	15
70	24
71	22
72	22
73	18
74	19
75	14
76	23
77	17
78	17
79	17
80	12
81	18
82	7
83	22
84	13
85	15
86	6
87	15
88	9
89	16
90	13
91	19
92	12
93	12
94	18
95	7
96	14
97	12
98	9
99	7
100	13
101	10
102	14
103	9
104	19
105	7
106	13
107	9
108	7
109	12
110	12
111	10
112	12
113	9
114	7
115	9
116	7
117	6
118	9
119	10
120	12
121	13
122	6
123	8
124	8
125	7
126	6
127	8
128	13
129	14
130	10
131	8
132	6
133	8
134	6
135	10
136	13
137	10
138	9
139	15
140	5
141	8
142	7
143	4
144	3
145	9
146	12
147	7
148	10
149	11
150	10
151	7
152	10
153	8
154	6
155	10
156	6
157	13
158	10
159	6
160	11
161	10
162	11
163	9
164	6
165	6
166	3
167	9
168	5
169	9
170	9
171	14
172	10
173	8
174	4
175	7
176	10
177	5
178	6
179	4
180	4
181	3
182	4
183	3
184	7
185	7
186	3
187	8
188	5
189	11
190	7
191	3
192	5
193	6
194	8
195	7
196	9
197	4
198	5
199	11
200	7
201	5
202	2
203	8
204	7
205	8
206	5
207	8
208	4
209	9
210	6
211	7
212	4
213	9
214	9
215	6
216	4
217	6
218	6
219	4
220	2
221	7
222	6
223	7
224	1
225	7
226	5
227	8
228	4
229	7
230	8
231	8
232	6
233	3
234	6
235	4
236	6
237	3
238	6
239	2
240	6
241	3
242	3
243	3
244	5
245	7
246	5
247	1
248	6
249	7
250	6
251	5
252	6
253	4
254	3
255	3
256	3
257	6
258	8
259	5
260	6
261	4
262	4
263	6
264	3
265	6
266	6
267	6
268	7
269	2
270	4
271	1
272	3
273	4
274	4
275	4
276	4
277	5
278	5
279	8
280	4
281	2
282	4
283	5
284	6
285	0
286	3
287	3
288	4
289	4
290	8
291	1
292	2
293	5
294	2
295	6
296	6
297	7
298	4
299	4
300	5
301	5
302	3
303	3
304	2
305	6
306	5
307	4
308	5
309	4
310	4
311	1
312	4
313	2
314	3
315	3
316	1
317	3
318	6
319	4
320	2
321	5
322	1
323	4
324	2
325	3
326	6
327	4
328	3
329	2
330	2
331	2
332	5
333	3
334	2
335	1
336	2
337	3
338	4
339	4
340	7
341	3
342	3
343	4
344	1
345	3
346	2
347	4
348	4
349	2
350	1
351	0
352	3
353	3
354	2
355	3
356	2
357	4
358	5
359	4
360	4
361	2
362	2
363	4
364	2
365	3
366	8
367	3
368	2
369	3
370	0
371	6
372	1
373	2
374	4
375	6
376	3
377	3
378	0
379	3
380	2
381	1
382	4
383	2
384	2
385	4
386	3
387	0
388	3
389	5
390	5
391	5
392	3
393	1
394	1
395	6
396	4
397	2
398	1
399	2
400	3
401	1
402	2
403	2
404	2
405	4
406	2
407	3
408	1
409	4
410	5
411	1
412	2
413	3
414	1
415	3
416	3
417	0
418	3
419	4
420	3
421	5
422	2
423	5
424	7
425	4
426	2
427	2
428	1
429	6
430	2
431	1
432	5
433	2
434	5
435	1
436	2
437	1
438	2
439	2
440	4
441	3
442	2
443	3
444	4
445	1
446	3
447	2
448	2
449	2
450	2
451	3
452	2
453	5
454	3
455	4
456	1
457	2
458	4
459	2
460	1
461	0
462	2
463	1
464	1
465	2
466	1
467	3
468	0
469	1
470	3
471	4
472	0
473	4
474	3
475	2
476	3
477	1
478	3
479	3
480	4
481	0
482	3
483	4
484	3
485	2
486	0
487	3
488	1
489	1
490	2
491	2
492	1
493	1
494	1
495	6
496	4
497	2
498	2
499	1
500	1
501	1
502	1
503	1
504	2
505	2
506	1
507	1
508	2
509	1
510	0
511	3
512	1
513	1
514	2
515	1
516	0
517	0
518	0
519	2
520	2
521	2
522	2
523	2
524	2
525	1
526	3
527	2
528	7
529	2
530	1
531	3
532	1
533	2
534	3
535	1
536	2
537	0
538	4
539	2
540	0
541	3
542	2
543	6
544	1
545	4
546	2
547	1
548	0
549	2
550	4
551	2
552	0
553	5
554	0
555	0
556	1
557	2
558	0
559	1
560	3
561	2
562	2
563	2
564	1
565	2
566	3
567	5
568	0
569	1
570	3
571	1
572	1
573	2
574	1
575	1
576	2
577	2
578	2
579	7
580	1
581	2
582	4
583	2
584	1
585	0
586	1
587	4
588	0
589	1
590	3
591	1
592	1
593	2
594	2
595	2
596	1
597	3
598	2
599	2
600	1
601	3
602	4
603	2
604	2
605	1
606	1
607	3
608	1
609	3
610	1
611	4
612	2
613	1
614	3
615	4
616	0
617	3
618	1
619	2
620	2
621	2
622	1
623	1
624	0
625	1
626	1
627	1
628	0
629	3
630	0
631	2
632	2
633	2
634	0
635	0
636	1
637	1
638	2
639	4
640	0
641	3
642	5
643	2
644	0
645	0
646	1
647	2
648	4
649	1
650	2
651	1
652	1
653	1
654	3
655	1
656	1
657	2
658	1
659	3
660	5
661	3
662	3
663	3
664	1
665	0
666	2
667	1
668	2
669	0
670	2
671	1
672	4
673	2
674	0
675	3
676	1
677	1
678	1
679	2
680	0
681	0
682	2
683	3
684	0
685	0
686	1
687	2
688	1
689	1
690	0
691	0
692	2
693	2
694	3
695	1
696	2
697	0
698	0
699	1
700	3
701	1
702	1
703	2
704	2
705	1
706	1
707	1
708	4
709	3
710	1
711	4
712	2
713	2
714	1
715	1
716	2
717	3
718	0
719	0
720	6
721	0
722	1
723	1
724	1
725	0
726	4
727	1
728	2
729	2
730	0
731	0
732	3
733	3
734	2
735	1
736	2
737	2
738	2
739	1
740	1
741	2
742	3
743	1
744	0
745	0
746	2
747	1
748	0
749	1
750	2
751	2
752	3
753	2
754	2
755	3
756	3
757	0
758	1
759	1
760	0
761	2
762	3
763	1
764	1
765	1
766	2
767	2
768	1
769	0
770	4
771	0
772	2
773	0
774	0
775	0
776	1
777	0
778	1
779	0
780	2
781	1
782	1
783	1
784	0
785	4
786	2
787	2
788	0
789	2
790	2
791	3
792	1
793	0
794	4
795	3
796	0
797	1
798	0
799	1
800	1
801	1
802	1
803	2
804	1
805	0
806	3
807	3
808	1
809	1
810	2
811	1
812	1
813	0
814	0
815	0
816	0
817	1
818	1
819	1
820	0
821	1
822	0
823	2
824	3
825	0
826	0
827	1
828	2
829	1
830	0
831	0
832	1
833	1
834	0
835	2
836	1
837	1
838	1
839	1
840	0
841	0
842	1
843	0
844	1
845	1
846	1
847	0
848	1
849	0
850	0
851	3
852	0
853	2
854	1
855	0
856	0
857	1
858	1
859	2
860	2
861	1
862	1
863	2
864	1
865	1
866	1
867	1
868	2
869	3
870	0
871	1
872	1
873	1
874	1
875	1
876	1
877	0
878	3
879	1
880	2
881	0
882	2
883	2
884	0
885	0
886	3
887	2
888	0
889	1
890	3
891	2
892	2
893	1
894	3
895	0
896	0
897	0
898	2
899	2
900	1
901	1
902	2
903	0
904	3
905	1
906	4
907	1
908	0
909	1
910	2
911	1
912	2
913	1
914	1
915	2
916	1
917	0
918	2
919	1
920	2
921	1
922	3
923	1
924	1
925	0
926	2
927	0
928	0
929	0
930	0
931	3
932	1
933	1
934	0
935	0
936	0
937	0
938	1
939	1
940	0
941	1
942	1
943	0
944	4
945	0
946	2
947	0
948	1
949	1
950	0
951	0
952	1
953	0
954	1
955	0
956	2
957	0
958	0
959	1
960	2
961	1
962	0
963	1
964	1
965	2
966	2
967	0
968	1
969	0
970	0
971	0
972	1
973	0
974	0
975	1
976	2
977	2
978	2
979	1
980	1
981	0
982	2
983	1
984	1
985	1
986	0
987	3
988	0
989	0
990	0
991	0
992	0
993	0
994	2
995	2
996	2
997	2
998	3
999	1
1000	2
1001	0
1002	2
1003	2
1004	0
1005	0
1006	1
1007	2
1008	0
1009	0
1010	0
1011	1
1012	3
1013	3
1014	0
1015	0
1016	1
1017	1
1018	1
1019	0
1020	1
1021	0
1022	0
1023	0
1024	0
1025	1
1026	1
1027	0
1028	1
1029	1
1030	1
1031	1
1032	4
1033	1
1034	1
1035	1
1036	0
1037	1
1038	1
1039	1
1040	0
1041	3
1042	0
1043	2
1044	0
1045	1
1046	0
1047	0
1048	2
1049	0
1050	2
1051	1
1052	0
1053	1
1054	2
1055	0
1056	0
1057	2
1058	1
1059	1
1060	2
1061	0
1062	1
1063	1
1064	1
1065	1
1066	0
1067	0
1068	0
1069	1
1070	2
1071	3
1072	1
1073	0
1074	0
1075	1
1076	0
1077	1
1078	2
1079	1
1080	2
1081	0
1082	2
1083	1
1084	1
1085	2
1086	0
1087	0
1088	1
1089	6
1090	0
1091	1
1092	3
1093	0
1094	1
1095	3
1096	0
1097	0
1098	0
1099	2
1100	1
1101	1
1102	0
1103	1
1104	3
1105	2
1106	0
1107	1
1108	0
1109	0
1110	0
1111	0
1112	0
1113	0
1114	1
1115	0
1116	0
1117	0
1118	1
1119	1
1120	0
1121	0
1122	0
1123	0
1124	0
1125	2
1126	1
1127	3
1128	1
1129	0
1130	0
1131	2
1132	0
1133	0
1134	0
1135	0
1136	0
1137	3
1138	0
1139	2
1140	2
1141	4
1142	2
1143	1
1144	1
1145	2
1146	0
1147	0
1148	1
1149	1
1150	0
1151	1
1152	0
1153	0
1154	1
1155	0
1156	0
1157	2
1158	1
1159	2
1160	0
1161	0
1162	0
1163	0
1164	0
1165	1
1166	0
1167	1
1168	2
1169	0
1170	0
1171	1
1172	1
1173	2
1174	1
1175	2
1176	1
1177	0
1178	1
1179	1
1180	0
1181	2
1182	0
1183	0
1184	1
1185	0
1186	2
1187	0
1188	0
1189	0
1190	0
1191	1
1192	0
1193	1
1194	1
1195	1
1196	1
1197	0
1198	1
1199	1
1200	2
1201	0
1202	0
1203	0
1204	1
1205	1
1206	0
1207	0
1208	0
1209	1
1210	1
1211	0
1212	0
1213	1
1214	0
1215	0
1216	0
1217	2
1218	1
1219	0
1220	1
1221	0
1222	1
1223	0
1224	3
1225	0
1226	1
1227	0
1228	1
1229	2
1230	0
1231	0
1232	0
1233	2
1234	1
1235	1
1236	0
1237	0
1238	1
1239	0
1240	0
1241	1
1242	1
1243	0
1244	0
1245	0
1246	1
1247	0
1248	0
1249	0
1250	0
1251	1
1252	1
1253	0
1254	0
1255	1
1256	1
1257	0
1258	1
1259	0
1260	0
1261	0
1262	1
1263	0
1264	1
1265	0
1266	0
1267	0
1268	1
1269	1
1270	0
1271	1
1272	1
1273	1
1274	1
1275	0
1276	1
1277	0
1278	0
1279	1
1280	1
1281	1
1282	0
1283	0
1284	0
1285	0
1286	0
1287	0
1288	0
1289	1
1290	0
1291	0
1292	0
1293	1
1294	0
1295	0
1296	0
1297	0
1298	1
1299	0
1300	1
1301	0
1302	1
1303	0
1304	2
1305	1
1306	1
1307	1
1308	0
1309	1
1310	1
1311	3
1312	0
1313	0
1314	0
1315	1
1316	2
1317	0
1318	0
1319	1
1320	0
1321	0
1322	0
1323	1
1324	0
1325	0
1326	2
1327	0
1328	0
1329	1
1330	1
1331	0
1332	1
1333	1
1334	0
1335	0
1336	0
1337	2
1338	1
1339	1
1340	1
1341	1
1342	0
1343	0
1344	1
1345	0
1346	1
1347	0
1348	0
1349	2
1350	0
1351	2
1352	0
1353	0
1354	0
1355	1
1356	1
1357	0
1358	0
1359	0
1360	0
1361	0
1362	0
1363	1
1364	0
1365	0
1366	0
1367	0
1368	1
1369	0
1370	0
1371	0
1372	0
1373	0
1374	0
1375	0
1376	1
1377	0
1378	0
1379	1
1380	1
1381	0
1382	1
1383	0
1384	0
1385	1
1386	0
1387	0
1388	0
1389	1
1390	0
1391	0
1392	0
1393	0
1394	0
1395	0
1396	2
1397	0
1398	0
1399	0
1400	1
1401	0
1402	0
1403	1
1404	0
1405	1
1406	0
1407	1
1408	1
1409	0
1410	2
1411	0
1412	1
1413	3
1414	0
1415	0
1416	0
1417	0
1418	2
1419	0
1420	0
1421	0
1422	0
1423	2
1424	0
1425	1
1426	0
1427	0
1428	1
1429	0
1430	0
1431	1
1432	0
1433	0
1434	0
1435	0
1436	0
1437	0
1438	0
1439	0
1440	0
1441	0
1442	0
1443	0
1444	0
1445	0
1446	0
1447	2
1448	2
1449	0
1450	1
1451	1
1452	0
1453	0
1454	1
1455	0
1456	1
1457	1
1458	2
1459	0
1460	0
1461	0
1462	0
1463	2
1464	1
1465	1
1466	0
1467	1
1468	0
1469	1
1470	1
1471	1
1472	0
1473	0
1474	0
1475	0
1476	0
1477	2
1478	0
1479	0
1480	0
1481	1
1482	1
1483	1
1484	0
1485	1
1486	1
1487	0
1488	1
1489	2
1490	0
1491	0
1492	0
1493	1
1494	1
1495	1
1496	1
1497	0
1498	0
1499	1
1500	1
1501	1
1502	0
1503	0
1504	0
1505	0
1506	0
1507	0
1508	0
1509	0
1510	1
1511	0
1512	1
1513	0
1514	0
1515	2
1516	1
1517	1
1518	0
1519	0
1520	0
1521	0
1522	0
1523	1
1524	3
1525	0
1526	0
1527	0
1528	0
1529	1
1530	1
1531	0
1532	0
1533	1
1534	0
1535	0
1536	0
1537	1
1538	1
1539	0
1540	1
1541	0
1542	0
1543	0
1544	0
1545	0
1546	1
1547	0
1548	0
1549	1
1550	0
1551	0
1552	1
1553	0
1554	0
1555	2
1556	1
1557	0
1558	0
1559	0
1560	0
1561	0
1562	0
1563	3
1564	1
1565	0
1566	1
1567	0
1568	1
1569	0
1570	1
1571	0
1572	0
1573	0
1574	0
1575	2
1576	0
1577	1
1578	0
1579	1
1580	1
1581	0
1582	0
1583	0
1584	0
1585	1
1586	2
1587	0
1588	0
1589	0
1590	0
1591	1
1592	0
1593	0
1594	0
1595	0
1596	0
1597	0
1598	1
1599	1
1600	0
1601	0
1602	1
1603	1
1604	0
1605	0
1606	0
1607	1
1608	1
1609	0
1610	0
1611	0
1612	0
1613	0
1614	0
1615	2
1616	0
1617	0
1618	0
1619	0
1620	1
1621	0
1622	0
1623	0
1624	0
1625	1
1626	0
1627	0
1628	0
1629	0
1630	0
1631	0
1632	2
1633	0
1634	0
1635	0
1636	0
1637	0
1638	0
1639	0
1640	0
1641	0
1642	0
1643	0
1644	0
1645	1
1646	0
1647	0
1648	0
1649	0
1650	0
1651	0
1652	1
1653	0
1654	0
1655	0
1656	0
1657	0
1658	1
1659	0
1660	0
1661	0
1662	1
1663	0
1664	0
1665	1
1666	1
1667	0
1668	1
1669	0
1670	0
1671	0
1672	0
1673	1
1674	0
1675	0
1676	0
1677	0
1678	0
1679	0
1680	0
1681	1
1682	0
1683	0
1684	0
1685	0
1686	0
1687	2
1688	0
1689	0
1690	1
1691	0
1692	0
1693	1
1694	0
1695	0
1696	0
1697	0
1698	0
1699	0
1700	0
1701	1
1702	1
1703	0
1704	0
1705	3
1706	0
1707	0
1708	0
1709	0
1710	1
1711	0
1712	0
1713	0
1714	0
1715	1
1716	0
1717	0
1718	0
1719	1
1720	0
1721	1
1722	1
1723	0
1724	0
1725	1
1726	0
1727	0
1728	0
1729	0
1730	0
1731	0
1732	1
1733	1
1734	0
1735	0
1736	0
1737	1
1738	0
1739	0
1740	0
1741	0
1742	0
1743	1
1744	0
1745	0
1746	0
1747	1
1748	1
1749	1
1750	1
1751	1
1752	1
1753	0
1754	0
1755	0
1756	0
1757	1
1758	0
1759	0
1760	1
1761	2
1762	0
1763	0
1764	1
1765	0
1766	0
1767	0
1768	0
1769	0
1770	1
1771	0
1772	1
1773	0
1774	0
1775	0
1776	0
1777	0
1778	0
1779	0
1780	1
1781	0
1782	0
1783	0
1784	1
1785	0
1786	1
1787	1
1788	0
1789	0
1790	0
1791	0
1792	0
1793	0
1794	0
1795	0
1796	0
1797	1
1798	0
1799	0
1800	0
1801	1
1802	0
1803	0
1804	2
1805	0
1806	0
1807	1
1808	0
1809	0
1810	0
1811	0
1812	0
1813	1
1814	0
1815	0
1816	1
1817	0
1818	1
1819	1
1820	0
1821	0
1822	1
1823	0
1824	0
1825	0
1826	1
1827	0
1828	0
1829	0
1830	0
1831	0
1832	0
1833	1
1834	0
1835	1
1836	0
1837	0
1838	1
1839	0
1840	1
1841	0
1842	0
1843	0
1844	0
1845	1
1846	0
1847	0
1848	0
1849	0
1850	2
1851	0
1852	0
1853	0
1854	0
1855	0
1856	1
1857	0
1858	0
1859	0
1860	0
1861	2
1862	1
1863	0
1864	0
1865	0
1866	0
1867	0
1868	0
1869	0
1870	0
1871	0
1872	0
1873	0
1874	0
1875	0
1876	0
1877	0
1878	0
1879	0
1880	0
1881	1
1882	0
1883	0
1884	1
1885	0
1886	0
1887	0
1888	0
1889	0
1890	0
1891	0
1892	0
1893	0
1894	0
1895	0
1896	0
1897	0
1898	0
1899	0
1900	2
1901	0
1902	0
1903	0
1904	0
1905	1
1906	0
1907	1
1908	0
1909	0
1910	0
1911	0
1912	0
1913	0
1914	0
1915	0
1916	0
1917	1
1918	0
1919	0
1920	0
1921	0
1922	0
1923	0
1924	0
1925	0
1926	0
1927	0
1928	0
1929	0
1930	0
1931	0
1932	0
1933	0
1934	0
1935	0
1936	0
1937	1
1938	1
1939	0
1940	0
1941	1
1942	0
1943	0
1944	0
1945	0
1946	0
1947	0
1948	0
1949	0
1950	0
1951	0
1952	2
1953	0
1954	0
1955	0
1956	0
1957	0
1958	1
1959	0
1960	0
1961	0
1962	0
1963	0
1964	0
1965	1
1966	1
1967	0
1968	0
1969	0
1970	0
1971	0
1972	0
1973	0
1974	0
1975	0
1976	0
1977	0
1978	1
1979	1
1980	0
1981	0
1982	0
1983	0
1984	2
1985	0
1986	0
1987	1
1988	0
1989	0
1990	0
1991	0
1992	0
1993	1
1994	0
1995	0
1996	0
1997	0
1998	1
1999	1
2000	0
2001	0
2002	0
2003	0
2004	0
2005	0
2006	0
2007	0
2008	0
2009	0
2010	0
2011	0
2012	0
2013	2
2014	0
2015	0
2016	0
2017	0
2018	0
2019	0
2020	0
2021	1
2022	0
2023	0
2024	0
2025	0
2026	0
2027	0
2028	0
2029	0
2030	0
2031	0
2032	0
2033	0
2034	0
2035	1
2036	0
2037	0
2038	0
2039	1
2040	0
2041	1
2042	0
2043	0
2044	0
2045	0
2046	0
2047	1
2048	0
2049	1
2050	0
2051	1
2052	0
2053	0
2054	0
2055	0
2056	0
2057	0
2058	0
2059	0
2060	0
2061	0
2062	0
2063	1
2064	0
2065	0
2066	0
2067	0
2068	0
2069	0
2070	0
2071	0
2072	0
2073	0
2074	0
2075	0
2076	0
2077	0
2078	0
2079	0
2080	0
2081	1
2082	0
2083	0
2084	0
2085	0
2086	0
2087	2
2088	0
2089	0
2090	0
2091	0
2092	0
2093	2
2094	0
2095	0
2096	1
2097	0
2098	0
2099	0
2100	1
2101	0
2102	0
2103	0
2104	0
2105	0
2106	0
2107	0
2108	0
2109	0
2110	0
2111	0
2112	0
2113	1
2114	0
2115	0
2116	0
2117	0
2118	0
2119	0
2120	0
2121	0
2122	0
2123	0
2124	0
2125	0
2126	2
2127	0
2128	0
2129	0
2130	0
2131	0
2132	0
2133	0
2134	0
2135	0
2136	0
2137	0
2138	0
2139	0
2140	0
2141	0
2142	1
2143	0
2144	0
2145	0
2146	0
2147	0
2148	0
2149	0
2150	0
2151	0
2152	0
2153	1
2154	0
2155	0
2156	0
2157	0
2158	0
2159	0
2160	0
2161	0
2162	0
2163	0
2164	0
2165	0
2166	0
2167	0
2168	0
2169	0
2170	1
2171	0
2172	0
2173	0
2174	0
2175	0
2176	0
2177	0
2178	0
2179	0
2180	0
2181	0
2182	0
2183	0
2184	0
2185	0
2186	0
2187	0
2188	0
2189	0
2190	0
2191	1
2192	1
2193	0
2194	0
2195	1
2196	0
2197	0
2198	0
2199	0
2200	0
2201	0
2202	0
2203	1
2204	0
2205	0
2206	0
2207	0
2208	0
2209	0
2210	0
2211	0
2212	0
2213	0
2214	1
2215	1
2216	0
2217	0
2218	0
2219	0
2220	0
2221	0
2222	0
2223	1
2224	0
2225	0
2226	0
2227	0
2228	0
2229	0
2230	0
2231	0
2232	0
2233	0
2234	0
2235	0
2236	0
2237	0
2238	0
2239	0
2240	0
2241	0
2242	0
2243	0
2244	0
2245	0
2246	0
2247	0
2248	0
2249	0
2250	0
2251	0
2252	0
2253	0
2254	0
2255	0
2256	0
2257	0
2258	0
2259	0
2260	0
2261	1
2262	0
2263	0
2264	0
2265	0
2266	0
2267	0
2268	0
2269	0
2270	0
2271	0
2272	0
2273	0
2274	0
2275	1
2276	0
2277	0
2278	0
2279	0
2280	2
2281	0
2282	0
2283	0
2284	0
2285	0
2286	0
2287	0
2288	0
2289	0
2290	0
2291	0
2292	0
2293	0
2294	0
2295	0
2296	0
2297	0
2298	0
2299	0
2300	0
2301	0
2302	0
2303	0
2304	0
2305	0
2306	1
2307	0
2308	0
2309	0
2310	1
2311	0
2312	0
2313	0
2314	0
2315	0
2316	0
2317	0
2318	0
2319	0
2320	0
2321	0
2322	0
2323	1
2324	1
2325	0
2326	1
2327	0
2328	0
2329	0
2330	0
2331	1
2332	0
2333	0
2334	0
2335	1
2336	0
2337	0
2338	0
2339	0
2340	0
2341	1
2342	0
2343	0
2344	0
2345	0
2346	0
2347	0
2348	0
2349	0
2350	0
2351	0
2352	0
2353	0
2354	0
2355	0
2356	0
2357	0
2358	0
2359	0
2360	0
2361	0
2362	0
2363	0
2364	1
2365	0
2366	0
2367	0
2368	0
2369	0
2370	0
2371	0
2372	1
2373	0
2374	0
2375	0
2376	0
2377	0
2378	0
2379	0
2380	0
2381	1
2382	0
2383	0
2384	0
2385	0
2386	0
2387	0
2388	0
2389	1
2390	0
2391	1
2392	0
2393	1
2394	0
2395	1
2396	0
2397	0
2398	0
2399	0
2400	0
2401	0
2402	0
2403	0
2404	0
2405	0
2406	0
2407	0
2408	1
2409	0
2410	0
2411	0
2412	0
2413	0
2414	0
2415	0
2416	0
2417	0
2418	0
2419	0
2420	0
2421	0
2422	0
2423	0
2424	0
2425	0
2426	0
2427	0
2428	0
2429	1
2430	0
2431	0
2432	0
2433	0
2434	0
2435	0
2436	0
2437	0
2438	0
2439	0
2440	0
2441	0
2442	0
2443	0
2444	2
2445	0
2446	0
2447	0
2448	0
2449	0
2450	0
2451	0
2452	0
2453	0
2454	0
2455	0
2456	0
2457	0
2458	0
2459	0
2460	0
2461	0
2462	0
2463	0
2464	0
2465	0
2466	0
2467	0
2468	1
2469	0
2470	0
2471	1
2472	0
2473	0
2474	0
2475	0
2476	0
2477	0
2478	0
2479	0
2480	0
2481	0
2482	1
2483	0
2484	0
2485	0
2486	0
2487	1
2488	0
2489	0
2490	0
2491	0
2492	0
2493	0
2494	0
2495	0
2496	0
2497	0
2498	0
2499	0
