# Edge of the Cluster
20.5	23.5
21.5	23.5
21.5	22.5
20.5	22.5
20.5	21.5
19.5	21.5
19.5	22.5
18.5	22.5
18.5	23.5
19.5	23.5
19.5	24.5
-0.5	-0.5
-0.5	-0.5
-0.5	-0.5
-0.5	-0.5
-0.5	-0.5
-0.5	-0.5
-0.5	-0.5
-0.5	-0.5
-0.5	-0.5
-0.5	-0.5
-0.5	-0.5
-0.5	-0.5
-0.5	-0.5
-0.5	-0.5
-0.5	-0.5
-0.5	-0.5
-0.5	-0.5
-0.5	-0.5
-0.5	-0.5
-0.5	-0.5
-0.5	-0.5
-0.5	-0.5
-0.5	-0.5
-0.5	-0.5
-0.5	-0.5
-0.5	-0.5
-0.5	-0.5
-0.5	-0.5
-0.5	-0.5
-0.5	-0.5
-0.5	-0.5
-0.5	-0.5
-0.5	-0.5
-0.5	-0.5
-0.5	-0.5
-0.5	-0.5
-0.5	-0.5
-0.5	-0.5
-0.5	-0.5
-0.5	-0.5
-0.5	-0.5
-0.5	-0.5
-0.5	-0.5
-0.5	-0.5
-0.5	-0.5
-0.5	-0.5
-0.5	-0.5
-0.5	-0.5
-0.5	-0.5
-0.5	-0.5
-0.5	-0.5
-0.5	-0.5
-0.5	-0.5
-0.5	-0.5
-0.5	-0.5
-0.5	-0.5
-0.5	-0.5
-0.5	-0.5
-0.5	-0.5
-0.5	-0.5
-0.5	-0.5
-0.5	-0.5
-0.5	-0.5
-0.5	-0.5
-0.5	-0.5
-0.5	-0.5
-0.5	-0.5
-0.5	-0.5
-0.5	-0.5
-0.5	-0.5
-0.5	-0.5
-0.5	-0.5
-0.5	-0.5
-0.5	-0.5
-0.5	-0.5
-0.5	-0.5
-0.5	-0.5
-0.5	-0.5
-0.5	-0.5
-0.5	-0.5
-0.5	-0.5
-0.5	-0.5
-0.5	-0.5
-0.5	-0.5
-0.5	-0.5
-0.5	-0.5
-0.5	-0.5
-0.5	-0.5
-0.5	-0.5
-0.5	-0.5
-0.5	-0.5
-0.5	-0.5
-0.5	-0.5
-0.5	-0.5
-0.5	-0.5
-0.5	-0.5
-0.5	-0.5
-0.5	-0.5
-0.5	-0.5
-0.5	-0.5
-0.5	-0.5
-0.5	-0.5
-0.5	-0.5
-0.5	-0.5
-0.5	-0.5
-0.5	-0.5
-0.5	-0.5
-0.5	-0.5
-0.5	-0.5
-0.5	-0.5
-0.5	-0.5
-0.5	-0.5
-0.5	-0.5
-0.5	-0.5
-0.5	-0.5
-0.5	-0.5
-0.5	-0.5
-0.5	-0.5
-0.5	-0.5
-0.5	-0.5
-0.5	-0.5
-0.5	-0.5
-0.5	-0.5
-0.5	-0.5
-0.5	-0.5
-0.5	-0.5
-0.5	-0.5
-0.5	-0.5
-0.5	-0.5
-0.5	-0.5
-0.5	-0.5
-0.5	-0.5
-0.5	-0.5
-0.5	-0.5
-0.5	-0.5
-0.5	-0.5
-0.5	-0.5
-0.5	-0.5
-0.5	-0.5
-0.5	-0.5
-0.5	-0.5
-0.5	-0.5
-0.5	-0.5
-0.5	-0.5
-0.5	-0.5
-0.5	-0.5
-0.5	-0.5
-0.5	-0.5
-0.5	-0.5
-0.5	-0.5
-0.5	-0.5
-0.5	-0.5
-0.5	-0.5
-0.5	-0.5
-0.5	-0.5
-0.5	-0.5
-0.5	-0.5
-0.5	-0.5
-0.5	-0.5
-0.5	-0.5
-0.5	-0.5
-0.5	-0.5
-0.5	-0.5
-0.5	-0.5
-0.5	-0.5
-0.5	-0.5
-0.5	-0.5
-0.5	-0.5
-0.5	-0.5
-0.5	-0.5
-0.5	-0.5
-0.5	-0.5
-0.5	-0.5
-0.5	-0.5
-0.5	-0.5
-0.5	-0.5
-0.5	-0.5
-0.5	-0.5
-0.5	-0.5
-0.5	-0.5
-0.5	-0.5
-0.5	-0.5
-0.5	-0.5
-0.5	-0.5
-0.5	-0.5
-0.5	-0.5
-0.5	-0.5
-0.5	-0.5
-0.5	-0.5
-0.5	-0.5
-0.5	-0.5
-0.5	-0.5
-0.5	-0.5
-0.5	-0.5
-0.5	-0.5
-0.5	-0.5
-0.5	-0.5
-0.5	-0.5
-0.5	-0.5
-0.5	-0.5
-0.5	-0.5
-0.5	-0.5
-0.5	-0.5
-0.5	-0.5
-0.5	-0.5
-0.5	-0.5
-0.5	-0.5
-0.5	-0.5
-0.5	-0.5
-0.5	-0.5
-0.5	-0.5
-0.5	-0.5
-0.5	-0.5
-0.5	-0.5
-0.5	-0.5
-0.5	-0.5
-0.5	-0.5
-0.5	-0.5
-0.5	-0.5
-0.5	-0.5
-0.5	-0.5
-0.5	-0.5
-0.5	-0.5
-0.5	-0.5
-0.5	-0.5
-0.5	-0.5
-0.5	-0.5
-0.5	-0.5
-0.5	-0.5
-0.5	-0.5
-0.5	-0.5
-0.5	-0.5
-0.5	-0.5
-0.5	-0.5
-0.5	-0.5
-0.5	-0.5
-0.5	-0.5
-0.5	-0.5
-0.5	-0.5
-0.5	-0.5
-0.5	-0.5
-0.5	-0.5
-0.5	-0.5
-0.5	-0.5
-0.5	-0.5
-0.5	-0.5
-0.5	-0.5
-0.5	-0.5
-0.5	-0.5
-0.5	-0.5
-0.5	-0.5
-0.5	-0.5
-0.5	-0.5
-0.5	-0.5
-0.5	-0.5
-0.5	-0.5
-0.5	-0.5
-0.5	-0.5
-0.5	-0.5
-0.5	-0.5
-0.5	-0.5
-0.5	-0.5
-0.5	-0.5
-0.5	-0.5
-0.5	-0.5
-0.5	-0.5
-0.5	-0.5
-0.5	-0.5
-0.5	-0.5
-0.5	-0.5
-0.5	-0.5
-0.5	-0.5
-0.5	-0.5
-0.5	-0.5
-0.5	-0.5
-0.5	-0.5
-0.5	-0.5
-0.5	-0.5
-0.5	-0.5
-0.5	-0.5
-0.5	-0.5
-0.5	-0.5
-0.5	-0.5
-0.5	-0.5
-0.5	-0.5
-0.5	-0.5
-0.5	-0.5
-0.5	-0.5
-0.5	-0.5
-0.5	-0.5
