# Edge of the Cluster
10.5	22.5
9.5	22.5
9.5	21.5
8.5	21.5
8.5	22.5
8.5	23.5
9.5	23.5
9.5	24.5
-0.5	-0.5
-0.5	-0.5
-0.5	-0.5
-0.5	-0.5
-0.5	-0.5
-0.5	-0.5
-0.5	-0.5
-0.5	-0.5
-0.5	-0.5
-0.5	-0.5
-0.5	-0.5
-0.5	-0.5
-0.5	-0.5
-0.5	-0.5
-0.5	-0.5
-0.5	-0.5
-0.5	-0.5
-0.5	-0.5
-0.5	-0.5
-0.5	-0.5
-0.5	-0.5
-0.5	-0.5
-0.5	-0.5
-0.5	-0.5
-0.5	-0.5
-0.5	-0.5
-0.5	-0.5
-0.5	-0.5
-0.5	-0.5
-0.5	-0.5
-0.5	-0.5
-0.5	-0.5
-0.5	-0.5
-0.5	-0.5
-0.5	-0.5
-0.5	-0.5
-0.5	-0.5
-0.5	-0.5
-0.5	-0.5
-0.5	-0.5
-0.5	-0.5
-0.5	-0.5
-0.5	-0.5
-0.5	-0.5
-0.5	-0.5
-0.5	-0.5
-0.5	-0.5
-0.5	-0.5
-0.5	-0.5
-0.5	-0.5
-0.5	-0.5
-0.5	-0.5
-0.5	-0.5
-0.5	-0.5
-0.5	-0.5
-0.5	-0.5
-0.5	-0.5
-0.5	-0.5
-0.5	-0.5
-0.5	-0.5
-0.5	-0.5
-0.5	-0.5
-0.5	-0.5
-0.5	-0.5
-0.5	-0.5
-0.5	-0.5
-0.5	-0.5
-0.5	-0.5
-0.5	-0.5
-0.5	-0.5
-0.5	-0.5
-0.5	-0.5
-0.5	-0.5
-0.5	-0.5
-0.5	-0.5
-0.5	-0.5
-0.5	-0.5
-0.5	-0.5
-0.5	-0.5
-0.5	-0.5
-0.5	-0.5
-0.5	-0.5
-0.5	-0.5
-0.5	-0.5
-0.5	-0.5
-0.5	-0.5
-0.5	-0.5
-0.5	-0.5
-0.5	-0.5
-0.5	-0.5
-0.5	-0.5
-0.5	-0.5
-0.5	-0.5
-0.5	-0.5
-0.5	-0.5
-0.5	-0.5
-0.5	-0.5
-0.5	-0.5
-0.5	-0.5
-0.5	-0.5
-0.5	-0.5
-0.5	-0.5
-0.5	-0.5
-0.5	-0.5
-0.5	-0.5
-0.5	-0.5
-0.5	-0.5
-0.5	-0.5
-0.5	-0.5
-0.5	-0.5
-0.5	-0.5
-0.5	-0.5
-0.5	-0.5
-0.5	-0.5
-0.5	-0.5
-0.5	-0.5
-0.5	-0.5
-0.5	-0.5
-0.5	-0.5
-0.5	-0.5
-0.5	-0.5
-0.5	-0.5
-0.5	-0.5
-0.5	-0.5
-0.5	-0.5
-0.5	-0.5
-0.5	-0.5
-0.5	-0.5
-0.5	-0.5
-0.5	-0.5
-0.5	-0.5
-0.5	-0.5
-0.5	-0.5
-0.5	-0.5
-0.5	-0.5
-0.5	-0.5
-0.5	-0.5
-0.5	-0.5
-0.5	-0.5
-0.5	-0.5
-0.5	-0.5
-0.5	-0.5
-0.5	-0.5
-0.5	-0.5
-0.5	-0.5
-0.5	-0.5
-0.5	-0.5
-0.5	-0.5
-0.5	-0.5
-0.5	-0.5
-0.5	-0.5
-0.5	-0.5
-0.5	-0.5
-0.5	-0.5
-0.5	-0.5
-0.5	-0.5
-0.5	-0.5
-0.5	-0.5
-0.5	-0.5
-0.5	-0.5
-0.5	-0.5
-0.5	-0.5
-0.5	-0.5
-0.5	-0.5
-0.5	-0.5
-0.5	-0.5
-0.5	-0.5
-0.5	-0.5
-0.5	-0.5
-0.5	-0.5
-0.5	-0.5
-0.5	-0.5
-0.5	-0.5
-0.5	-0.5
-0.5	-0.5
-0.5	-0.5
-0.5	-0.5
-0.5	-0.5
-0.5	-0.5
-0.5	-0.5
-0.5	-0.5
-0.5	-0.5
-0.5	-0.5
-0.5	-0.5
-0.5	-0.5
-0.5	-0.5
-0.5	-0.5
-0.5	-0.5
-0.5	-0.5
-0.5	-0.5
-0.5	-0.5
-0.5	-0.5
-0.5	-0.5
-0.5	-0.5
-0.5	-0.5
-0.5	-0.5
-0.5	-0.5
-0.5	-0.5
-0.5	-0.5
-0.5	-0.5
-0.5	-0.5
-0.5	-0.5
-0.5	-0.5
-0.5	-0.5
-0.5	-0.5
-0.5	-0.5
-0.5	-0.5
-0.5	-0.5
-0.5	-0.5
-0.5	-0.5
-0.5	-0.5
-0.5	-0.5
-0.5	-0.5
-0.5	-0.5
-0.5	-0.5
-0.5	-0.5
-0.5	-0.5
-0.5	-0.5
-0.5	-0.5
-0.5	-0.5
-0.5	-0.5
-0.5	-0.5
-0.5	-0.5
-0.5	-0.5
-0.5	-0.5
-0.5	-0.5
-0.5	-0.5
-0.5	-0.5
-0.5	-0.5
-0.5	-0.5
-0.5	-0.5
-0.5	-0.5
-0.5	-0.5
-0.5	-0.5
-0.5	-0.5
-0.5	-0.5
-0.5	-0.5
-0.5	-0.5
-0.5	-0.5
-0.5	-0.5
-0.5	-0.5
-0.5	-0.5
-0.5	-0.5
-0.5	-0.5
-0.5	-0.5
-0.5	-0.5
-0.5	-0.5
-0.5	-0.5
-0.5	-0.5
-0.5	-0.5
-0.5	-0.5
-0.5	-0.5
-0.5	-0.5
-0.5	-0.5
-0.5	-0.5
-0.5	-0.5
-0.5	-0.5
-0.5	-0.5
-0.5	-0.5
-0.5	-0.5
-0.5	-0.5
-0.5	-0.5
-0.5	-0.5
-0.5	-0.5
-0.5	-0.5
-0.5	-0.5
-0.5	-0.5
-0.5	-0.5
-0.5	-0.5
-0.5	-0.5
-0.5	-0.5
-0.5	-0.5
-0.5	-0.5
-0.5	-0.5
-0.5	-0.5
-0.5	-0.5
-0.5	-0.5
-0.5	-0.5
-0.5	-0.5
-0.5	-0.5
-0.5	-0.5
-0.5	-0.5
-0.5	-0.5
-0.5	-0.5
-0.5	-0.5
-0.5	-0.5
-0.5	-0.5
-0.5	-0.5
-0.5	-0.5
-0.5	-0.5
-0.5	-0.5
-0.5	-0.5
-0.5	-0.5
