# Edge of the Cluster
13.5	22.5
12.5	22.5
12.5	21.5
11.5	21.5
11.5	22.5
11.5	23.5
12.5	23.5
12.5	24.5
-0.5	-0.5
-0.5	-0.5
-0.5	-0.5
-0.5	-0.5
-0.5	-0.5
-0.5	-0.5
-0.5	-0.5
-0.5	-0.5
-0.5	-0.5
-0.5	-0.5
-0.5	-0.5
-0.5	-0.5
-0.5	-0.5
-0.5	-0.5
-0.5	-0.5
-0.5	-0.5
-0.5	-0.5
-0.5	-0.5
-0.5	-0.5
-0.5	-0.5
-0.5	-0.5
-0.5	-0.5
-0.5	-0.5
-0.5	-0.5
-0.5	-0.5
-0.5	-0.5
-0.5	-0.5
-0.5	-0.5
-0.5	-0.5
-0.5	-0.5
-0.5	-0.5
-0.5	-0.5
-0.5	-0.5
-0.5	-0.5
-0.5	-0.5
-0.5	-0.5
-0.5	-0.5
-0.5	-0.5
-0.5	-0.5
-0.5	-0.5
-0.5	-0.5
-0.5	-0.5
-0.5	-0.5
-0.5	-0.5
-0.5	-0.5
-0.5	-0.5
-0.5	-0.5
-0.5	-0.5
-0.5	-0.5
-0.5	-0.5
-0.5	-0.5
-0.5	-0.5
-0.5	-0.5
-0.5	-0.5
-0.5	-0.5
-0.5	-0.5
-0.5	-0.5
-0.5	-0.5
-0.5	-0.5
-0.5	-0.5
-0.5	-0.5
-0.5	-0.5
-0.5	-0.5
-0.5	-0.5
-0.5	-0.5
-0.5	-0.5
-0.5	-0.5
-0.5	-0.5
-0.5	-0.5
-0.5	-0.5
-0.5	-0.5
-0.5	-0.5
-0.5	-0.5
-0.5	-0.5
-0.5	-0.5
-0.5	-0.5
-0.5	-0.5
-0.5	-0.5
-0.5	-0.5
-0.5	-0.5
-0.5	-0.5
-0.5	-0.5
-0.5	-0.5
-0.5	-0.5
-0.5	-0.5
-0.5	-0.5
-0.5	-0.5
-0.5	-0.5
-0.5	-0.5
-0.5	-0.5
-0.5	-0.5
-0.5	-0.5
-0.5	-0.5
-0.5	-0.5
-0.5	-0.5
-0.5	-0.5
-0.5	-0.5
-0.5	-0.5
-0.5	-0.5
-0.5	-0.5
-0.5	-0.5
-0.5	-0.5
-0.5	-0.5
-0.5	-0.5
-0.5	-0.5
-0.5	-0.5
-0.5	-0.5
-0.5	-0.5
-0.5	-0.5
-0.5	-0.5
-0.5	-0.5
-0.5	-0.5
-0.5	-0.5
-0.5	-0.5
-0.5	-0.5
-0.5	-0.5
-0.5	-0.5
-0.5	-0.5
-0.5	-0.5
-0.5	-0.5
-0.5	-0.5
-0.5	-0.5
-0.5	-0.5
-0.5	-0.5
-0.5	-0.5
-0.5	-0.5
-0.5	-0.5
-0.5	-0.5
-0.5	-0.5
-0.5	-0.5
-0.5	-0.5
-0.5	-0.5
-0.5	-0.5
-0.5	-0.5
-0.5	-0.5
-0.5	-0.5
-0.5	-0.5
-0.5	-0.5
-0.5	-0.5
-0.5	-0.5
-0.5	-0.5
-0.5	-0.5
-0.5	-0.5
-0.5	-0.5
-0.5	-0.5
-0.5	-0.5
-0.5	-0.5
-0.5	-0.5
-0.5	-0.5
-0.5	-0.5
-0.5	-0.5
-0.5	-0.5
-0.5	-0.5
-0.5	-0.5
-0.5	-0.5
-0.5	-0.5
-0.5	-0.5
-0.5	-0.5
-0.5	-0.5
-0.5	-0.5
-0.5	-0.5
-0.5	-0.5
-0.5	-0.5
-0.5	-0.5
-0.5	-0.5
-0.5	-0.5
-0.5	-0.5
-0.5	-0.5
-0.5	-0.5
-0.5	-0.5
-0.5	-0.5
-0.5	-0.5
-0.5	-0.5
-0.5	-0.5
-0.5	-0.5
-0.5	-0.5
-0.5	-0.5
-0.5	-0.5
-0.5	-0.5
-0.5	-0.5
-0.5	-0.5
-0.5	-0.5
-0.5	-0.5
-0.5	-0.5
-0.5	-0.5
-0.5	-0.5
-0.5	-0.5
-0.5	-0.5
-0.5	-0.5
-0.5	-0.5
-0.5	-0.5
-0.5	-0.5
-0.5	-0.5
-0.5	-0.5
-0.5	-0.5
-0.5	-0.5
-0.5	-0.5
-0.5	-0.5
-0.5	-0.5
-0.5	-0.5
-0.5	-0.5
-0.5	-0.5
-0.5	-0.5
-0.5	-0.5
-0.5	-0.5
-0.5	-0.5
-0.5	-0.5
-0.5	-0.5
-0.5	-0.5
-0.5	-0.5
-0.5	-0.5
-0.5	-0.5
-0.5	-0.5
-0.5	-0.5
-0.5	-0.5
-0.5	-0.5
-0.5	-0.5
-0.5	-0.5
-0.5	-0.5
-0.5	-0.5
-0.5	-0.5
-0.5	-0.5
-0.5	-0.5
-0.5	-0.5
-0.5	-0.5
-0.5	-0.5
-0.5	-0.5
-0.5	-0.5
-0.5	-0.5
-0.5	-0.5
-0.5	-0.5
-0.5	-0.5
-0.5	-0.5
-0.5	-0.5
-0.5	-0.5
-0.5	-0.5
-0.5	-0.5
-0.5	-0.5
-0.5	-0.5
-0.5	-0.5
-0.5	-0.5
-0.5	-0.5
-0.5	-0.5
-0.5	-0.5
-0.5	-0.5
-0.5	-0.5
-0.5	-0.5
-0.5	-0.5
-0.5	-0.5
-0.5	-0.5
-0.5	-0.5
-0.5	-0.5
-0.5	-0.5
-0.5	-0.5
-0.5	-0.5
-0.5	-0.5
-0.5	-0.5
-0.5	-0.5
-0.5	-0.5
-0.5	-0.5
-0.5	-0.5
-0.5	-0.5
-0.5	-0.5
-0.5	-0.5
-0.5	-0.5
-0.5	-0.5
-0.5	-0.5
-0.5	-0.5
-0.5	-0.5
-0.5	-0.5
-0.5	-0.5
-0.5	-0.5
-0.5	-0.5
-0.5	-0.5
-0.5	-0.5
-0.5	-0.5
-0.5	-0.5
-0.5	-0.5
-0.5	-0.5
-0.5	-0.5
-0.5	-0.5
-0.5	-0.5
-0.5	-0.5
-0.5	-0.5
-0.5	-0.5
-0.5	-0.5
-0.5	-0.5
-0.5	-0.5
-0.5	-0.5
-0.5	-0.5
-0.5	-0.5
-0.5	-0.5
-0.5	-0.5
