# Edge of the Cluster
18.5	22.5
17.5	22.5
17.5	21.5
16.5	21.5
16.5	22.5
16.5	23.5
16.5	24.5
-0.5	-0.5
-0.5	-0.5
-0.5	-0.5
-0.5	-0.5
-0.5	-0.5
-0.5	-0.5
-0.5	-0.5
-0.5	-0.5
-0.5	-0.5
-0.5	-0.5
-0.5	-0.5
-0.5	-0.5
-0.5	-0.5
-0.5	-0.5
-0.5	-0.5
-0.5	-0.5
-0.5	-0.5
-0.5	-0.5
-0.5	-0.5
-0.5	-0.5
-0.5	-0.5
-0.5	-0.5
-0.5	-0.5
-0.5	-0.5
-0.5	-0.5
-0.5	-0.5
-0.5	-0.5
-0.5	-0.5
-0.5	-0.5
-0.5	-0.5
-0.5	-0.5
-0.5	-0.5
-0.5	-0.5
-0.5	-0.5
-0.5	-0.5
-0.5	-0.5
-0.5	-0.5
-0.5	-0.5
-0.5	-0.5
-0.5	-0.5
-0.5	-0.5
-0.5	-0.5
-0.5	-0.5
-0.5	-0.5
-0.5	-0.5
-0.5	-0.5
-0.5	-0.5
-0.5	-0.5
-0.5	-0.5
-0.5	-0.5
-0.5	-0.5
-0.5	-0.5
-0.5	-0.5
-0.5	-0.5
-0.5	-0.5
-0.5	-0.5
-0.5	-0.5
-0.5	-0.5
-0.5	-0.5
-0.5	-0.5
-0.5	-0.5
-0.5	-0.5
-0.5	-0.5
-0.5	-0.5
-0.5	-0.5
-0.5	-0.5
-0.5	-0.5
-0.5	-0.5
-0.5	-0.5
-0.5	-0.5
-0.5	-0.5
-0.5	-0.5
-0.5	-0.5
-0.5	-0.5
-0.5	-0.5
-0.5	-0.5
-0.5	-0.5
-0.5	-0.5
-0.5	-0.5
-0.5	-0.5
-0.5	-0.5
-0.5	-0.5
-0.5	-0.5
-0.5	-0.5
-0.5	-0.5
-0.5	-0.5
-0.5	-0.5
-0.5	-0.5
-0.5	-0.5
-0.5	-0.5
-0.5	-0.5
-0.5	-0.5
-0.5	-0.5
-0.5	-0.5
-0.5	-0.5
-0.5	-0.5
-0.5	-0.5
-0.5	-0.5
-0.5	-0.5
-0.5	-0.5
-0.5	-0.5
-0.5	-0.5
-0.5	-0.5
-0.5	-0.5
-0.5	-0.5
-0.5	-0.5
-0.5	-0.5
-0.5	-0.5
-0.5	-0.5
-0.5	-0.5
-0.5	-0.5
-0.5	-0.5
-0.5	-0.5
-0.5	-0.5
-0.5	-0.5
-0.5	-0.5
-0.5	-0.5
-0.5	-0.5
-0.5	-0.5
-0.5	-0.5
-0.5	-0.5
-0.5	-0.5
-0.5	-0.5
-0.5	-0.5
-0.5	-0.5
-0.5	-0.5
-0.5	-0.5
-0.5	-0.5
-0.5	-0.5
-0.5	-0.5
-0.5	-0.5
-0.5	-0.5
-0.5	-0.5
-0.5	-0.5
-0.5	-0.5
-0.5	-0.5
-0.5	-0.5
-0.5	-0.5
-0.5	-0.5
-0.5	-0.5
-0.5	-0.5
-0.5	-0.5
-0.5	-0.5
-0.5	-0.5
-0.5	-0.5
-0.5	-0.5
-0.5	-0.5
-0.5	-0.5
-0.5	-0.5
-0.5	-0.5
-0.5	-0.5
-0.5	-0.5
-0.5	-0.5
-0.5	-0.5
-0.5	-0.5
-0.5	-0.5
-0.5	-0.5
-0.5	-0.5
-0.5	-0.5
-0.5	-0.5
-0.5	-0.5
-0.5	-0.5
-0.5	-0.5
-0.5	-0.5
-0.5	-0.5
-0.5	-0.5
-0.5	-0.5
-0.5	-0.5
-0.5	-0.5
-0.5	-0.5
-0.5	-0.5
-0.5	-0.5
-0.5	-0.5
-0.5	-0.5
-0.5	-0.5
-0.5	-0.5
-0.5	-0.5
-0.5	-0.5
-0.5	-0.5
-0.5	-0.5
-0.5	-0.5
-0.5	-0.5
-0.5	-0.5
-0.5	-0.5
-0.5	-0.5
-0.5	-0.5
-0.5	-0.5
-0.5	-0.5
-0.5	-0.5
-0.5	-0.5
-0.5	-0.5
-0.5	-0.5
-0.5	-0.5
-0.5	-0.5
-0.5	-0.5
-0.5	-0.5
-0.5	-0.5
-0.5	-0.5
-0.5	-0.5
-0.5	-0.5
-0.5	-0.5
-0.5	-0.5
-0.5	-0.5
-0.5	-0.5
-0.5	-0.5
-0.5	-0.5
-0.5	-0.5
-0.5	-0.5
-0.5	-0.5
-0.5	-0.5
-0.5	-0.5
-0.5	-0.5
-0.5	-0.5
-0.5	-0.5
-0.5	-0.5
-0.5	-0.5
-0.5	-0.5
-0.5	-0.5
-0.5	-0.5
-0.5	-0.5
-0.5	-0.5
-0.5	-0.5
-0.5	-0.5
-0.5	-0.5
-0.5	-0.5
-0.5	-0.5
-0.5	-0.5
-0.5	-0.5
-0.5	-0.5
-0.5	-0.5
-0.5	-0.5
-0.5	-0.5
-0.5	-0.5
-0.5	-0.5
-0.5	-0.5
-0.5	-0.5
-0.5	-0.5
-0.5	-0.5
-0.5	-0.5
-0.5	-0.5
-0.5	-0.5
-0.5	-0.5
-0.5	-0.5
-0.5	-0.5
-0.5	-0.5
-0.5	-0.5
-0.5	-0.5
-0.5	-0.5
-0.5	-0.5
-0.5	-0.5
-0.5	-0.5
-0.5	-0.5
-0.5	-0.5
-0.5	-0.5
-0.5	-0.5
-0.5	-0.5
-0.5	-0.5
-0.5	-0.5
-0.5	-0.5
-0.5	-0.5
-0.5	-0.5
-0.5	-0.5
-0.5	-0.5
-0.5	-0.5
-0.5	-0.5
-0.5	-0.5
-0.5	-0.5
-0.5	-0.5
-0.5	-0.5
-0.5	-0.5
-0.5	-0.5
-0.5	-0.5
-0.5	-0.5
-0.5	-0.5
-0.5	-0.5
-0.5	-0.5
-0.5	-0.5
-0.5	-0.5
-0.5	-0.5
-0.5	-0.5
-0.5	-0.5
-0.5	-0.5
-0.5	-0.5
-0.5	-0.5
-0.5	-0.5
-0.5	-0.5
-0.5	-0.5
-0.5	-0.5
-0.5	-0.5
-0.5	-0.5
-0.5	-0.5
-0.5	-0.5
-0.5	-0.5
-0.5	-0.5
