# dimension = 2
# x | y | z ... | value 
0	0	3
1	0	1
2	0	3
3	0	0
4	0	3
5	0	0
6	0	1
7	0	3
8	0	0
9	0	3
10	0	1
11	0	2
12	0	1
13	0	2
14	0	3
15	0	1
16	0	3
17	0	0
18	0	3
19	0	2
20	0	2
21	0	3
22	0	2
23	0	3
24	0	1
0	1	2
1	1	2
2	1	2
3	1	1
4	1	3
5	1	1
6	1	3
7	1	1
8	1	3
9	1	1
10	1	3
11	1	3
12	1	2
13	1	3
14	1	2
15	1	3
16	1	2
17	1	3
18	1	1
19	1	3
20	1	0
21	1	1
22	1	3
23	1	0
24	1	3
0	2	2
1	2	2
2	2	2
3	2	3
4	2	2
5	2	1
6	2	1
7	2	3
8	2	2
9	2	2
10	2	2
11	2	0
12	2	2
13	2	2
14	2	3
15	2	3
16	2	2
17	2	2
18	2	0
19	2	3
20	2	1
21	2	2
22	2	3
23	2	1
24	2	3
0	3	3
1	3	2
2	3	1
3	3	0
4	3	1
5	3	3
6	3	3
7	3	3
8	3	3
9	3	2
10	3	3
11	3	1
12	3	3
13	3	0
14	3	1
15	3	3
16	3	2
17	3	3
18	3	3
19	3	2
20	3	3
21	3	1
22	3	2
23	3	1
24	3	3
0	4	2
1	4	2
2	4	1
3	4	3
4	4	1
5	4	3
6	4	3
7	4	2
8	4	1
9	4	2
10	4	2
11	4	3
12	4	3
13	4	1
14	4	2
15	4	3
16	4	1
17	4	1
18	4	2
19	4	1
20	4	2
21	4	2
22	4	3
23	4	2
24	4	1
0	5	2
1	5	3
2	5	1
3	5	3
4	5	3
5	5	3
6	5	2
7	5	3
8	5	3
9	5	0
10	5	3
11	5	2
12	5	3
13	5	2
14	5	3
15	5	2
16	5	3
17	5	0
18	5	3
19	5	3
20	5	2
21	5	2
22	5	3
23	5	2
24	5	3
0	6	3
1	6	1
2	6	3
3	6	3
4	6	1
5	6	2
6	6	1
7	6	1
8	6	3
9	6	1
10	6	2
11	6	3
12	6	3
13	6	1
14	6	3
15	6	3
16	6	2
17	6	1
18	6	1
19	6	2
20	6	2
21	6	3
22	6	1
23	6	0
24	6	1
0	7	1
1	7	2
2	7	0
3	7	2
4	7	3
5	7	2
6	7	3
7	7	2
8	7	2
9	7	1
10	7	3
11	7	3
12	7	3
13	7	1
14	7	0
15	7	2
16	7	3
17	7	2
18	7	3
19	7	2
20	7	3
21	7	2
22	7	3
23	7	3
24	7	3
0	8	3
1	8	2
2	8	1
3	8	1
4	8	2
5	8	3
6	8	3
7	8	3
8	8	3
9	8	3
10	8	3
11	8	3
12	8	3
13	8	3
14	8	3
15	8	3
16	8	2
17	8	2
18	8	3
19	8	3
20	8	0
21	8	2
22	8	1
23	8	2
24	8	3
0	9	0
1	9	3
2	9	2
3	9	3
4	9	2
5	9	2
6	9	0
7	9	1
8	9	2
9	9	2
10	9	3
11	9	3
12	9	1
13	9	2
14	9	3
15	9	1
16	9	1
17	9	2
18	9	3
19	9	1
20	9	3
21	9	0
22	9	3
23	9	2
24	9	0
0	10	3
1	10	2
2	10	3
3	10	1
4	10	3
5	10	3
6	10	3
7	10	2
8	10	3
9	10	3
10	10	1
11	10	0
12	10	3
13	10	3
14	10	0
15	10	2
16	10	3
17	10	3
18	10	3
19	10	2
20	10	3
21	10	2
22	10	3
23	10	3
24	10	3
0	11	3
1	11	3
2	11	3
3	11	1
4	11	2
5	11	2
6	11	2
7	11	1
8	11	3
9	11	2
10	11	3
11	11	2
12	11	2
13	11	2
14	11	2
15	11	2
16	11	3
17	11	1
18	11	0
19	11	3
20	11	3
21	11	2
22	11	3
23	11	0
24	11	1
0	12	2
1	12	2
2	12	3
3	12	3
4	12	2
5	12	2
6	12	2
7	12	1
8	12	3
9	12	3
10	12	3
11	12	3
12	12	0
13	12	1
14	12	3
15	12	3
16	12	2
17	12	3
18	12	3
19	12	1
20	12	2
21	12	3
22	12	3
23	12	3
24	12	1
0	13	3
1	13	1
2	13	3
3	13	1
4	13	1
5	13	2
6	13	1
7	13	3
8	13	1
9	13	3
10	13	2
11	13	3
12	13	3
13	13	3
14	13	0
15	13	3
16	13	2
17	13	3
18	13	3
19	13	2
20	13	2
21	13	2
22	13	3
23	13	2
24	13	2
0	14	2
1	14	2
2	14	1
3	14	3
4	14	2
5	14	2
6	14	2
7	14	3
8	14	3
9	14	2
10	14	1
11	14	2
12	14	1
13	14	3
14	14	3
15	14	2
16	14	1
17	14	2
18	14	3
19	14	2
20	14	1
21	14	1
22	14	3
23	14	3
24	14	0
0	15	1
1	15	3
2	15	3
3	15	3
4	15	0
5	15	1
6	15	3
7	15	1
8	15	2
9	15	2
10	15	2
11	15	3
12	15	2
13	15	2
14	15	2
15	15	3
16	15	3
17	15	0
18	15	1
19	15	3
20	15	3
21	15	3
22	15	3
23	15	1
24	15	2
0	16	1
1	16	3
2	16	2
3	16	3
4	16	3
5	16	2
6	16	3
7	16	1
8	16	3
9	16	3
10	16	1
11	16	2
12	16	3
13	16	3
14	16	3
15	16	2
16	16	3
17	16	2
18	16	3
19	16	2
20	16	2
21	16	0
22	16	3
23	16	3
24	16	0
0	17	2
1	17	3
2	17	3
3	17	3
4	17	2
5	17	3
6	17	1
7	17	0
8	17	2
9	17	2
10	17	1
11	17	2
12	17	2
13	17	3
14	17	0
15	17	2
16	17	0
17	17	1
18	17	3
19	17	1
20	17	2
21	17	3
22	17	2
23	17	2
24	17	2
0	18	0
1	18	2
2	18	2
3	18	3
4	18	1
5	18	3
6	18	1
7	18	2
8	18	3
9	18	3
10	18	0
11	18	3
12	18	2
13	18	3
14	18	3
15	18	2
16	18	3
17	18	3
18	18	3
19	18	2
20	18	2
21	18	2
22	18	1
23	18	2
24	18	3
0	19	3
1	19	0
2	19	2
3	19	3
4	19	3
5	19	3
6	19	3
7	19	3
8	19	3
9	19	3
10	19	3
11	19	2
12	19	2
13	19	3
14	19	0
15	19	1
16	19	2
17	19	2
18	19	1
19	19	3
20	19	3
21	19	1
22	19	2
23	19	3
24	19	2
0	20	1
1	20	1
2	20	3
3	20	1
4	20	0
5	20	2
6	20	3
7	20	3
8	20	1
9	20	3
10	20	1
11	20	2
12	20	2
13	20	3
14	20	3
15	20	2
16	20	3
17	20	2
18	20	3
19	20	0
20	20	2
21	20	3
22	20	2
23	20	3
24	20	2
0	21	1
1	21	2
2	21	2
3	21	3
4	21	2
5	21	3
6	21	1
7	21	3
8	21	3
9	21	3
10	21	2
11	21	1
12	21	3
13	21	1
14	21	2
15	21	1
16	21	1
17	21	1
18	21	2
19	21	3
20	21	3
21	21	2
22	21	0
23	21	3
24	21	3
0	22	2
1	22	3
2	22	3
3	22	3
4	22	3
5	22	2
6	22	2
7	22	3
8	22	0
9	22	2
10	22	3
11	22	2
12	22	0
13	22	3
14	22	1
15	22	2
16	22	3
17	22	2
18	22	3
19	22	0
20	22	2
21	22	3
22	22	3
23	22	2
24	22	2
0	23	3
1	23	2
2	23	3
3	23	3
4	23	3
5	23	0
6	23	2
7	23	3
8	23	1
9	23	2
10	23	3
11	23	3
12	23	1
13	23	3
14	23	0
15	23	2
16	23	3
17	23	2
18	23	3
19	23	2
20	23	3
21	23	2
22	23	0
23	23	3
24	23	1
0	24	1
1	24	0
2	24	3
3	24	0
4	24	3
5	24	3
6	24	0
7	24	3
8	24	2
9	24	3
10	24	2
11	24	1
12	24	1
13	24	1
14	24	3
15	24	1
16	24	3
17	24	2
18	24	3
19	24	3
20	24	1
21	24	3
22	24	1
23	24	2
24	24	3
