# PileNr | averageSlopeLattice | averageSlopeCluster | averageSlopeReached | clustersize
0	2.106	 2.36134	 1.99398	 119
1	2.1156	 2.81818	 2	 11
2	2.0924	 2.55128	 1.93939	 78
3	2.0996	 2.30078	 2.00888	 256
4	2.0904	 2.25791	 2.10352	 411
5	2.0916	 3	 1.6	 1
6	2.1068	 2.49462	 2.09859	 93
7	2.1004	 2.55882	 1.98333	 34
8	2.0972	 2.42857	 2.04785	 147
9	2.1044	 3	 2	 2
10	2.0892	 3	 1.70588	 6
11	2.1292	 2.64789	 2.04167	 71
12	2.0964	 3	 2.1	 3
13	2.108	 2.39811	 2.08832	 530
14	2.1084	 2.75	 1.9	 8
15	2.106	 2.34727	 2.06112	 311
16	2.1016	 2.62745	 2.05952	 51
17	2.0972	 2.33333	 2.06481	 243
18	2.0992	 3	 1.875	 2
19	2.0976	 3	 1.7	 3
20	2.0936	 2.57143	 2.15	 49
21	2.094	 2.41615	 2.01688	 161
22	2.1	 2.40909	 2.0915	 110
23	2.1104	 2.47414	 2.05294	 116
24	2.0912	 2.4	 1.98347	 80
25	2.096	 2.39024	 2.04867	 164
26	2.1096	 3	 1.75	 1
27	2.0856	 2.2963	 2.07014	 351
28	2.09	 3	 1.875	 2
29	2.12	 2.91667	 2	 12
30	2.1068	 2.42056	 2.04902	 214
31	2.0964	 2.3012	 2.08726	 332
32	2.08	 2.51111	 2.0625	 135
33	2.0908	 3	 1.8	 3
34	2.0916	 2.62069	 1.88	 29
35	2.1068	 2.85714	 2	 7
36	2.1016	 3	 1.8	 1
37	2.0832	 2.6875	 1.96552	 16
38	2.1032	 2.59091	 1.925	 22
39	2.1012	 2.7	 2.16	 10
40	2.1004	 2.31776	 2.07609	 214
41	2.0864	 3	 1.75	 2
42	2.0988	 3	 1.6	 3
43	2.1104	 2.57143	 1.92857	 14
44	2.1156	 2.81818	 1.86957	 11
45	2.0952	 2.41096	 2.00909	 73
46	2.1036	 2.51852	 1.97917	 27
47	2.1124	 2.3245	 2.07143	 453
48	2.1104	 2.73684	 1.89474	 19
49	2.1056	 2.32083	 2.09715	 480
50	2.1084	 2.77778	 2.02564	 18
51	2.112	 2.8	 1.92857	 5
52	2.1092	 2.75	 1.94737	 8
53	2.1072	 3	 1.8	 3
54	2.098	 2.34211	 2.08824	 228
55	2.0956	 3	 2	 1
56	2.1112	 3	 1.84615	 4
57	2.0948	 2.30352	 2.1	 369
58	2.1024	 2.3629	 2	 124
59	2.1016	 2.88889	 1.77273	 9
60	2.1028	 2.64286	 1.89286	 14
61	2.1152	 3	 1.6	 1
62	2.1036	 2.53846	 2.04255	 26
63	2.092	 3	 1.92857	 4
64	2.0984	 2.75	 1.83333	 4
65	2.1092	 2.47143	 2.0463	 70
66	2.0948	 2.44118	 1.88889	 34
67	2.1052	 2.59091	 1.97619	 22
68	2.0908	 2.44262	 1.97838	 122
69	2.098	 2.69231	 1.92857	 13
70	2.1124	 2.8	 2	 10
71	2.0904	 2.75	 2	 8
72	2.1044	 2.30627	 2.06618	 542
73	2.1048	 2.2674	 2.09242	 819
74	2.0956	 2.68182	 2.06667	 22
75	2.1136	 2.64	 2	 25
76	2.124	 2.27665	 2.12235	 1088
77	2.0956	 2.5	 1.91935	 36
78	2.0996	 3	 1.72727	 3
79	2.1048	 3	 1.5	 2
80	2.1044	 3	 1.6	 1
81	2.0976	 3	 1.9375	 6
82	2.1024	 3	 2	 2
83	2.088	 3	 1.8	 5
84	2.1168	 2.2827	 2.07612	 237
85	2.0964	 2.54286	 1.95	 35
86	2.1104	 2.60714	 2.12766	 28
87	2.1016	 2.72222	 1.88235	 18
88	2.0904	 2.73333	 1.90323	 15
89	2.1044	 2.31734	 2.0419	 271
90	2.106	 3	 1.6	 1
91	2.0884	 2.51429	 2.0678	 35
92	2.104	 2.75	 2.04167	 12
93	2.0976	 2.79167	 2.0625	 24
94	2.1052	 2.33333	 2.10791	 339
95	2.1116	 2.75	 1.81481	 12
96	2.0992	 2.52632	 2.09677	 38
97	2.0924	 3	 1.9	 3
98	2.1092	 3	 1.81818	 3
99	2.1104	 2.42857	 2.06383	 70
100	2.0972	 3	 1.875	 2
101	2.0976	 3	 1.875	 2
102	2.0964	 2.23478	 2.0807	 1035
103	2.1056	 2.45536	 1.98256	 112
104	2.1004	 3	 1.8	 1
105	2.1068	 2.31579	 2.09606	 513
106	2.1064	 2.33333	 2.09116	 288
107	2.1036	 2.71429	 1.70588	 7
108	2.096	 2.32692	 2.0885	 364
109	2.0948	 2.30544	 2.02941	 239
110	2.0896	 3	 1.8	 1
111	2.1108	 2.85714	 1.90909	 14
112	2.092	 3	 2	 5
113	2.1016	 2.47222	 1.91803	 36
114	2.0916	 2.725	 2.0125	 40
115	2.124	 2.5814	 1.9589	 43
116	2.1008	 2.75	 2	 8
117	2.1128	 2.36478	 2.02765	 159
118	2.0924	 2.66667	 1.91304	 12
119	2.112	 2.31742	 2.08126	 356
120	2.104	 3	 2.21429	 5
121	2.0976	 2.75	 1.96429	 28
122	2.1024	 2.68182	 1.95238	 22
123	2.102	 2.63934	 2	 61
124	2.1072	 2.66667	 2	 6
125	2.0996	 2.41429	 2.00943	 140
126	2.088	 3	 1.8	 1
127	2.1024	 3	 1.81818	 3
128	2.096	 2.31673	 2.07042	 281
129	2.0884	 2.73333	 1.83871	 15
130	2.1076	 2.75	 1.94737	 8
131	2.1112	 3	 1.77778	 3
132	2.106	 2.63636	 1.90244	 22
133	2.0972	 3	 2	 8
134	2.0916	 2.52941	 2.08475	 34
135	2.106	 2.39521	 2.05603	 167
136	2.1004	 3	 1.6	 1
137	2.098	 2.8	 1.94737	 10
138	2.1004	 2.37544	 2.09091	 285
139	2.1052	 2.625	 1.73684	 8
140	2.0944	 2.88889	 1.82609	 9
141	2.1016	 2.76471	 2.09677	 17
142	2.0992	 2.3012	 2.11034	 581
143	2.1012	 2.49206	 2	 63
144	2.1004	 2.83333	 1.875	 6
145	2.0996	 2.75	 1.85	 8
146	2.1244	 2.72222	 1.88571	 18
147	2.0976	 2.8	 1.92857	 5
148	2.116	 3	 2	 3
149	2.0868	 2.39241	 1.9638	 158
150	2.0968	 3	 2	 1
151	2.0952	 2.75	 1.83333	 4
152	2.0988	 2.56579	 2.01613	 76
153	2.1008	 2.83333	 1.92308	 6
154	2.1	 2.60417	 2	 48
155	2.1028	 3	 2.25	 1
156	2.0888	 2.65217	 2.02564	 23
157	2.1044	 3	 1.92308	 4
158	2.106	 2.55172	 1.95833	 29
159	2.0992	 2.61702	 2.02273	 47
160	2.1124	 2.85714	 2.03125	 14
161	2.1008	 2.4	 1.97436	 25
162	2.0956	 2.49438	 2.00694	 89
163	2.1064	 2.28496	 2.09064	 565
164	2.09	 3	 1.85714	 5
165	2.0932	 2.71429	 1.94444	 7
166	2.1064	 2.75	 2.01538	 36
167	2.1	 2.30542	 2.01498	 203
168	2.0972	 2.3945	 2.02797	 109
169	2.1084	 3	 2.06667	 5
170	2.0904	 3	 2.09091	 3
171	2.0964	 3	 1	 1
172	2.0988	 3	 1.2	 1
173	2.092	 2.33248	 2.0978	 391
174	2.1016	 2.24801	 2.10279	 1004
175	2.0944	 2.32787	 2.03963	 244
176	2.0984	 2.5082	 1.97959	 61
177	2.092	 3	 2	 1
178	2.102	 3	 1.75	 2
179	2.11	 2.36471	 2.06612	 85
180	2.088	 2.70588	 2	 17
181	2.1064	 2.22814	 2.1035	 1258
182	2.1124	 2.88889	 1.80952	 9
183	2.102	 2.3622	 2.06957	 254
184	2.1296	 2.58621	 1.96226	 29
185	2.1116	 2.46957	 2.06286	 115
186	2.1228	 2.26081	 2.11136	 786
187	2.1116	 2.37975	 1.99153	 79
188	2.102	 3	 1.83333	 2
189	2.0996	 2.37674	 2.08511	 430
190	2.0944	 3	 2	 3
191	2.0984	 2.23831	 2.09574	 1305
192	2.0952	 3	 1.75	 2
193	2.0948	 2.72222	 1.9	 18
194	2.1056	 2.25313	 2.08421	 719
195	2.1068	 3	 1.6	 1
196	2.106	 2.65217	 1.95122	 23
197	2.0968	 3	 1.61538	 4
198	2.0968	 2.71429	 2.07143	 7
199	2.0996	 2.77778	 1.84211	 9
200	2.1072	 2.71429	 1.94444	 7
201	2.104	 2.28146	 2.09066	 604
202	2.1028	 2.625	 2.01408	 40
203	2.112	 3	 1.84615	 4
204	2.1108	 2.41748	 2.02041	 103
205	2.0884	 2.88889	 2.05	 9
206	2.094	 3	 1.75	 1
207	2.0964	 3	 1.6	 3
208	2.1144	 2.29217	 2.09317	 664
209	2.0828	 3	 1.95455	 9
210	2.0908	 2.25835	 2.07807	 778
211	2.1052	 2.19507	 2.09619	 1502
212	2.112	 2.8	 1.91304	 10
213	2.1076	 3	 1.8	 2
214	2.1076	 2.52439	 2.06202	 82
215	2.098	 2.36994	 2.13182	 173
216	2.102	 2.66667	 2	 27
217	2.1172	 2.75	 1.6	 4
218	2.1216	 3	 2	 3
219	2.108	 2.32624	 2.08671	 141
220	2.104	 2.85714	 2	 7
221	2.1112	 2.29667	 2.08711	 900
222	2.106	 2.7	 1.63636	 10
223	2.0984	 3	 1.75	 2
224	2.0812	 2.55556	 2.04348	 45
225	2.108	 2.71429	 1.96552	 14
226	2.1032	 2.25923	 2.11072	 1219
227	2.1096	 3	 1.625	 2
228	2.102	 3	 1.8	 1
229	2.0856	 2.31421	 2.04283	 366
230	2.11	 2.24514	 2.10693	 1285
231	2.1136	 2.30146	 2.09763	 617
232	2.0952	 2.42857	 2.01681	 77
233	2.0976	 2.57692	 2.08333	 52
234	2.0996	 2.61538	 1.95652	 26
235	2.084	 3	 2.16667	 4
236	2.0948	 2.63158	 1.87179	 19
237	2.1044	 3	 1.6	 1
238	2.0908	 2.27273	 2.05449	 550
239	2.1016	 2.33882	 2.04926	 304
240	2.1068	 2.75	 1.94118	 8
241	2.0984	 2.55172	 1.98	 29
242	2.1084	 2.35504	 2.06003	 476
243	2.1008	 2.30963	 2.11007	 436
244	2.096	 2.40141	 2.10714	 284
245	2.098	 2.83333	 1.79167	 12
246	2.0996	 2.22925	 2.10267	 1265
247	2.0952	 2.36719	 1.99471	 128
248	2.0976	 3	 1.8	 1
249	2.1028	 3	 2.25	 3
250	2.0928	 2.65517	 2.07407	 29
251	2.0956	 3	 1.91304	 8
252	2.102	 3	 1.8	 1
253	2.0972	 2.52632	 2.01562	 38
254	2.1	 2.24511	 2.09961	 1330
255	2.094	 2.27671	 2.0779	 571
256	2.1096	 2.45745	 2	 94
257	2.0936	 2.78947	 2	 19
258	2.1064	 3	 1.6	 1
259	2.1	 2.28248	 2.10587	 662
260	2.1032	 3	 1.25	 2
261	2.0928	 3	 2.16667	 2
262	2.0836	 2.42857	 2.08649	 126
263	2.0972	 3	 2.25	 1
264	2.092	 2.28335	 2.07583	 907
265	2.094	 2.51724	 1.96078	 29
266	2.082	 2.50617	 2.06303	 162
267	2.0896	 2.75	 1.76923	 12
268	2.1068	 3	 1.75	 2
269	2.1052	 2.24372	 2.08965	 1235
270	2.1068	 2.52542	 2.06667	 59
271	2.1008	 3	 1.8	 1
272	2.1032	 3	 1	 1
273	2.1012	 3	 2.2	 1
274	2.0928	 2.475	 2.08333	 40
275	2.096	 2.53333	 1.92857	 30
276	2.1024	 3	 1.75	 2
277	2.1096	 2.66667	 2.01667	 33
278	2.1048	 2.56164	 2.02679	 73
279	2.0952	 3	 2	 3
280	2.1064	 2.46575	 1.9913	 73
281	2.118	 3	 1.8	 1
282	2.1032	 3	 1.2	 1
283	2.088	 3	 1.6	 1
284	2.1004	 3	 1.8	 1
285	2.11	 2.40625	 2.02985	 96
286	2.1032	 2.53125	 2.05455	 32
287	2.1124	 2.85714	 1.88889	 7
288	2.11	 2.55696	 1.94776	 79
289	2.1144	 2.37621	 2.09476	 311
290	2.1068	 2.37638	 2.06575	 271
291	2.0948	 3	 1.8	 1
292	2.0948	 2.77778	 1.98148	 27
293	2.1008	 2.36323	 2.0604	 223
294	2.0848	 3	 1.8	 1
295	2.1044	 3	 1.6	 1
296	2.1	 3	 2	 4
297	2.1108	 2.35053	 2.08208	 562
298	2.1	 3	 1.8	 1
299	2.0936	 2.81818	 2	 11
300	2.0964	 2.44828	 1.98324	 116
301	2.086	 2.30243	 2.08481	 453
302	2.0988	 2.51471	 1.97273	 68
303	2.1016	 2.39823	 2.05	 113
304	2.0868	 3	 1.6	 3
305	2.1116	 3	 1	 1
306	2.1028	 2.30412	 2.01946	 194
307	2.1052	 3	 1.85714	 5
308	2.0868	 3	 1.8	 3
309	2.1092	 2.61538	 1.95833	 13
310	2.1092	 2.27005	 2.07877	 374
311	2.1156	 2.375	 2.10588	 256
312	2.1032	 2.66667	 1.90476	 9
313	2.1132	 3	 1.8	 3
314	2.0964	 3	 1.6	 1
315	2.1004	 2.51786	 2.03137	 168
316	2.1128	 2.77778	 2.08571	 18
317	2.1028	 2.38333	 2.08097	 180
318	2.0876	 2.38235	 2.07671	 272
319	2.0944	 3	 2	 3
320	2.108	 2.26866	 2.06024	 268
321	2.0988	 3	 1.9	 3
322	2.0984	 2.61111	 2.22581	 18
323	2.1036	 3	 1.77778	 3
324	2.098	 2.77778	 1.8	 9
325	2.108	 2.55263	 2.03125	 38
326	2.1124	 2.45679	 2.01538	 81
327	2.096	 2.31978	 2.08443	 541
328	2.102	 2.58	 2.10714	 50
329	2.1048	 3	 2	 4
330	2.1004	 3	 2.21429	 6
331	2.0916	 2.53061	 2	 49
332	2.1088	 3	 1.6	 1
333	2.1036	 2.45509	 2.01639	 167
334	2.0936	 3	 1.875	 2
335	2.0948	 3	 1.875	 2
336	2.1056	 2.48485	 2.07273	 33
337	2.1	 2.85714	 1.89474	 7
338	2.094	 3	 1.75	 1
339	2.1096	 3	 2	 1
340	2.0996	 2.62857	 2.0303	 35
341	2.1064	 2.88889	 2	 9
342	2.0928	 3	 1.75	 2
343	2.0924	 2.83333	 2.1	 12
344	2.0992	 2.30022	 2.09266	 463
345	2.098	 2.875	 2.05556	 8
346	2.092	 3	 2	 2
347	2.1036	 2.77273	 1.91667	 22
348	2.1052	 2.28977	 2.08679	 880
349	2.0928	 2.3131	 2.08365	 840
350	2.102	 2.26984	 2.09163	 630
351	2.0896	 3	 1.2	 1
352	2.12	 3	 1.72727	 3
353	2.094	 2.3913	 2.03623	 92
354	2.1096	 3	 1.9375	 6
355	2.1028	 2.48077	 2.07692	 104
356	2.1048	 2.44882	 2.05464	 127
357	2.1036	 3	 1.57143	 2
358	2.098	 2.28329	 2.06349	 353
359	2.1072	 2.21599	 2.11095	 1213
360	2.0852	 2.6	 2.06977	 25
361	2.0944	 2.59701	 2.04505	 67
362	2.0844	 2.2474	 2.06783	 768
363	2.0948	 2.63158	 2	 38
364	2.1056	 2.35455	 2.08392	 330
365	2.098	 2.64	 1.87755	 25
366	2.1144	 2.49558	 2.07831	 113
367	2.1076	 2.5942	 2.02586	 69
368	2.1052	 2.2621	 2.06425	 496
369	2.0992	 3	 1.7	 3
370	2.098	 3	 1.875	 2
371	2.104	 2.53571	 1.93878	 28
372	2.11	 3	 2	 4
373	2.0852	 2.85714	 1.94444	 7
374	2.1124	 3	 1.7	 3
375	2.086	 2.36905	 2.06987	 168
376	2.0984	 3	 1.5	 2
377	2.106	 3	 1.875	 2
378	2.1084	 2.73913	 2.09091	 23
379	2.0932	 2.52174	 2.04054	 46
380	2.0988	 3	 1.6	 3
381	2.0852	 3	 1.6	 1
382	2.0964	 3	 2	 1
383	2.1084	 2.66667	 2	 12
384	2.1076	 2.38	 1.94737	 50
385	2.1056	 3	 1.6	 3
386	2.0924	 2.57143	 1.83871	 14
387	2.1064	 3	 1.4	 1
388	2.106	 2.58108	 2.05882	 74
389	2.0864	 2.40517	 2	 116
390	2.1016	 2.375	 2.04933	 168
391	2.1024	 3	 1.8	 1
392	2.0932	 2.30623	 2.06332	 369
393	2.1032	 2.8	 1.71429	 5
394	2.0952	 2.8	 1.83333	 5
395	2.1108	 3	 2.125	 2
396	2.0884	 3	 1.77778	 3
397	2.0968	 2.31768	 2.08114	 362
398	2.1064	 2.41667	 1.98701	 48
399	2.1132	 3	 2	 3
400	2.1012	 2.41406	 2.00535	 128
401	2.082	 2.36047	 2.09565	 172
402	2.1064	 2.28515	 2.09283	 505
403	2.104	 2.36979	 2.05323	 192
404	2.0956	 3	 2	 2
405	2.1056	 3	 1.875	 2
406	2.0956	 3	 2.25	 1
407	2.1068	 3	 2	 2
408	2.098	 2.8	 2.04167	 10
409	2.1008	 3	 1.8	 1
410	2.0864	 2.27545	 2.07258	 501
411	2.1012	 2.76471	 1.94444	 17
412	2.0928	 2.34286	 2.01724	 35
413	2.0912	 2.28714	 2.07737	 700
414	2.1084	 2.4186	 2.08299	 172
415	2.1084	 2.8	 1.85714	 5
416	2.102	 3	 1.8	 3
417	2.0904	 3	 2.125	 2
418	2.1044	 2.83333	 1.86667	 6
419	2.0952	 3	 2	 2
420	2.1036	 3	 1.45455	 3
421	2.1088	 2.44595	 2	 74
422	2.1124	 2.3565	 2.10092	 331
423	2.0856	 3	 2	 1
424	2.1124	 2.6875	 1.90909	 16
425	2.0972	 3	 1.8	 1
426	2.1156	 2.35	 2.09393	 400
427	2.1004	 3	 1.75	 2
428	2.1116	 3	 2	 4
429	2.1024	 2.35938	 2.08671	 128
430	2.0964	 3	 1.4	 1
431	2.1068	 3	 1.9	 4
432	2.118	 2.37616	 2.11206	 537
433	2.104	 2.50909	 1.97753	 55
434	2.1048	 2.875	 1.95	 8
435	2.1072	 2.55556	 2.01408	 45
436	2.1004	 2.48649	 2.04839	 37
437	2.1176	 2.53659	 2.10606	 41
438	2.0856	 2.55932	 2.06806	 118
439	2.0928	 2.66667	 1.9375	 6
440	2.102	 3	 1.5	 1
441	2.0928	 2.27361	 2.0628	 1027
442	2.086	 3	 1.83333	 4
443	2.1084	 2.46429	 2.04545	 56
444	2.1108	 2.2168	 2.09242	 1476
445	2.1036	 2.26529	 2.07571	 1014
446	2.0948	 2.82353	 1.82857	 17
447	2.1148	 2.44231	 2.05263	 104
448	2.0896	 2.3209	 2.06084	 402
449	2.094	 2.32317	 2.02336	 328
450	2.1044	 2.88889	 1.91304	 9
451	2.1152	 2.52857	 2.01802	 70
452	2.1052	 3	 1.83333	 4
453	2.0976	 2.83333	 1.6875	 6
454	2.0956	 2.35035	 2.06726	 431
455	2.1148	 3	 1.89286	 11
456	2.1124	 2.39881	 2.04721	 168
457	2.1112	 2.75	 2	 4
458	2.1004	 2.66667	 1.96552	 15
459	2.0988	 2.3	 2.05466	 240
460	2.0928	 3	 1.875	 2
461	2.1072	 3	 1.8	 3
462	2.0984	 2.71429	 1.94118	 14
463	2.0928	 2.66667	 2.11538	 12
464	2.0976	 2.39216	 1.99333	 102
465	2.1132	 2.75	 2.06667	 8
466	2.0988	 2.45833	 2.03743	 120
467	2.1164	 2.69231	 1.88462	 13
468	2.0884	 2.32209	 2.0566	 326
469	2.1144	 2.75	 2.3	 4
470	2.104	 2.77778	 2.05263	 18
471	2.0928	 2.73333	 2.03704	 15
472	2.1068	 3	 1.45455	 3
473	2.1068	 2.57143	 2.08333	 21
474	2.0968	 2.45238	 1.95238	 42
475	2.0924	 2.53333	 1.94667	 45
476	2.1028	 2.53731	 2.05607	 67
477	2.1172	 2.5	 2.07143	 52
478	2.1004	 2.86667	 2.02857	 15
479	2.106	 2.75	 2	 4
480	2.11	 3	 2.25	 1
481	2.0964	 2.27465	 2.04178	 284
482	2.0996	 3	 1.91667	 4
483	2.1092	 2.875	 1.71429	 8
484	2.1056	 3	 1.8	 1
485	2.1092	 3	 1.6	 1
486	2.1012	 3	 1.7	 3
487	2.086	 3	 1.7	 3
488	2.1036	 3	 2	 1
489	2.1052	 3	 2	 2
490	2.1032	 2.39394	 1.92	 33
491	2.0988	 3	 1.25	 2
492	2.0972	 3	 1.8	 1
493	2.1076	 2.57143	 1.9	 14
494	2.0908	 2.56818	 2.01351	 44
495	2.104	 2.28696	 2.09167	 690
496	2.0988	 2.2703	 2.07398	 973
497	2.1068	 3	 1.75	 2
498	2.1168	 2.78571	 2.03333	 14
499	2.1076	 2.31975	 2.06373	 319
500	2.0904	 2.83333	 1.75	 6
501	2.108	 3	 1.2	 1
502	2.096	 3	 1.84615	 4
503	2.1052	 2.27273	 2.04708	 429
504	2.0944	 3	 1.875	 2
505	2.1016	 3	 1.2	 1
506	2.106	 3	 1.8	 1
507	2.0908	 2.26316	 2.04492	 418
508	2.1116	 2.71429	 1.77419	 14
509	2.1048	 2.64286	 1.96104	 42
510	2.1032	 3	 2	 1
511	2.098	 2.60526	 1.92063	 38
512	2.1036	 2.36735	 2.02941	 147
513	2.1072	 2.38596	 2.06289	 114
514	2.1032	 2.69231	 1.90741	 26
515	2.0952	 3	 1.875	 2
516	2.0952	 3	 1.84615	 5
517	2.1064	 2.36325	 2.04923	 234
518	2.1284	 2.58333	 2	 24
519	2.0984	 2.40741	 2.02553	 162
520	2.0996	 3	 2	 2
521	2.104	 2.29412	 2.01606	 187
522	2.1	 2.31343	 2.04883	 402
523	2.1028	 2.71429	 1.83333	 14
524	2.0992	 2.42857	 1.9619	 70
525	2.1036	 2.33676	 2.09709	 487
526	2.104	 2.7037	 2	 27
527	2.1004	 2.74074	 1.96364	 27
528	2.108	 3	 2	 5
529	2.1012	 3	 1.58333	 4
530	2.104	 3	 2	 3
531	2.1012	 3	 2	 14
532	2.0968	 3	 2.2	 1
533	2.0996	 2.45946	 2.01739	 74
534	2.1056	 2.58621	 1.92308	 29
535	2.102	 3	 1.875	 2
536	2.1052	 2.85714	 2.03333	 14
537	2.1088	 3	 2	 1
538	2.1036	 3	 1.78571	 5
539	2.1076	 3	 2.125	 3
540	2.1	 2.53333	 2.01351	 45
541	2.1028	 3	 1.2	 1
542	2.092	 3	 1.7	 3
543	2.1052	 2.228	 2.10452	 1693
544	2.1012	 2.9	 1.91304	 10
545	2.1052	 2.84615	 1.89655	 13
546	2.1068	 2.8	 2.025	 20
547	2.0952	 2.41781	 2.09794	 146
548	2.1024	 3	 1.625	 2
549	2.0964	 2.85714	 2	 7
550	2.1028	 2.4375	 2.01333	 48
551	2.1144	 3	 1.8	 1
552	2.0888	 2.46711	 2.04825	 152
553	2.0944	 2.3274	 2.05769	 281
554	2.1032	 2.35111	 2.05405	 225
555	2.0944	 2.60656	 1.95413	 61
556	2.1084	 3	 2.08333	 5
557	2.1056	 2.68	 2.14286	 25
558	2.104	 3	 1.625	 2
559	2.0976	 2.43836	 2.01802	 73
560	2.094	 2.25988	 2.09407	 835
561	2.0832	 3	 1.8	 5
562	2.0944	 2.28477	 2.05699	 302
563	2.0884	 2.83333	 1.86667	 6
564	2.0976	 2.40828	 2.03659	 169
565	2.0892	 3	 1.6	 1
566	2.1004	 3	 1.2	 1
567	2.1032	 3	 2	 5
568	2.0948	 2.58333	 2	 24
569	2.1036	 2.83333	 1.81481	 12
570	2.1016	 2.27425	 2.07989	 598
571	2.106	 2.41899	 2.03571	 179
572	2.1204	 3	 2	 2
573	2.1072	 2.625	 2	 16
574	2.1032	 2.7	 2.16667	 10
575	2.106	 2.45763	 1.97753	 59
576	2.0988	 3	 2	 1
577	2.1028	 3	 1.9375	 6
578	2.0932	 3	 1.75	 1
579	2.096	 2.84615	 2	 13
580	2.1032	 2.35669	 2.08313	 314
581	2.1048	 2.85714	 2	 7
582	2.1004	 3	 1.75	 2
583	2.0928	 2.22687	 2.07757	 1243
584	2.1084	 2.24905	 2.10279	 1313
585	2.1092	 2.38798	 2.07407	 183
586	2.1004	 3	 1.6	 1
587	2.096	 3	 1.9	 3
588	2.0952	 2.73913	 1.97727	 23
589	2.0936	 3	 1.4	 1
590	2.1008	 2.31081	 2.10582	 592
591	2.1108	 2.47	 2.01961	 100
592	2.1008	 2.625	 2	 8
593	2.086	 3	 1.8	 1
594	2.0996	 3	 1.86667	 5
595	2.1004	 2.43836	 2.06103	 146
596	2.0984	 2.44595	 1.99099	 74
597	2.0948	 3	 2	 2
598	2.1024	 2.37011	 2.10685	 281
599	2.108	 2.76471	 1.97297	 17
600	2.1024	 2.34756	 2.04525	 164
601	2.0944	 2.92857	 1.93939	 14
602	2.1192	 2.76923	 1.89655	 13
603	2.1024	 3	 1.8	 1
604	2.0952	 2.42667	 1.97321	 75
605	2.1112	 2.36388	 2.07983	 371
606	2.1004	 2.26063	 2.09386	 1270
607	2.0956	 2.32738	 2.03125	 168
608	2.1048	 2.32224	 2.11339	 661
609	2.114	 3	 2.33333	 2
610	2.116	 2.43158	 2.03546	 95
611	2.106	 2.65217	 1.88095	 23
612	2.1128	 2.4898	 2.01935	 98
613	2.0972	 2.69231	 1.85714	 13
614	2.0904	 2.42623	 2.03846	 122
615	2.1048	 3	 2.25	 3
616	2.096	 3	 2	 9
617	2.0972	 3	 2	 2
618	2.1032	 3	 1.875	 5
619	2.102	 2.42697	 2.056	 178
620	2.112	 2.47126	 2.08264	 87
621	2.1008	 2.57576	 2.10169	 33
622	2.1112	 3	 2	 5
623	2.1156	 2.34459	 2.08673	 148
624	2.0984	 3	 1.8	 1
625	2.102	 3	 2	 3
626	2.112	 2.32198	 2.05374	 323
627	2.1112	 3	 1.8	 1
628	2.1036	 2.34082	 2.08529	 267
629	2.0912	 2.85714	 1.9375	 7
630	2.1028	 2.83333	 2.06667	 6
631	2.0996	 3	 1.75	 2
632	2.0968	 3	 1.4	 1
633	2.1184	 2.39623	 2	 53
634	2.088	 2.48276	 2.02041	 29
635	2.0844	 3	 1.4	 1
636	2.1024	 2.8	 1.82609	 10
637	2.1116	 2.28553	 2.11001	 760
638	2.1048	 3	 1.5	 2
639	2.0932	 2.24076	 2.09577	 1570
640	2.0888	 3	 2.2	 1
641	2.1088	 2.44037	 2.08667	 109
642	2.104	 2.69231	 1.85714	 13
643	2.0952	 2.41579	 2.0597	 190
644	2.1032	 2.51515	 1.96364	 66
645	2.1088	 2.35972	 2.11005	 581
646	2.1064	 2.70588	 2	 17
647	2.0992	 2.34676	 2.07407	 447
648	2.1012	 2.31818	 2.08268	 506
649	2.0904	 2.6875	 1.9375	 32
650	2.106	 2.73333	 1.83871	 15
651	2.1068	 2.64	 2.09756	 25
652	2.106	 2.28775	 2.09015	 702
653	2.11	 2.4382	 2.0229	 89
654	2.0984	 2.77778	 1.85714	 9
655	2.0996	 3	 1.8	 1
656	2.092	 2.64706	 2	 34
657	2.1128	 2.84615	 1.96667	 13
658	2.1036	 2.29617	 2.09459	 601
659	2.0944	 3	 1.83333	 2
660	2.1084	 2.32386	 2.05556	 176
661	2.1036	 2.88889	 2.09524	 9
662	2.0996	 2.57143	 1.88	 28
663	2.1064	 2.56881	 2.10778	 109
664	2.0944	 3	 1.72727	 3
665	2.1048	 2.51429	 2.01852	 35
666	2.1128	 2.26617	 2.10159	 804
667	2.0912	 2.48649	 1.98387	 37
668	2.0964	 2.25474	 2.10035	 738
669	2.0904	 2.43713	 2.07111	 167
670	2.1048	 2.27854	 2.11204	 797
671	2.094	 2.60606	 2.03704	 33
672	2.0932	 2.26585	 2.02326	 410
673	2.1008	 2.57143	 2.09877	 49
674	2.1036	 3	 1.875	 2
675	2.104	 3	 1.4	 1
676	2.1024	 3	 2	 3
677	2.092	 2.6	 1.975	 20
678	2.0956	 2.29932	 2.04167	 147
679	2.0996	 2.56522	 1.90909	 23
680	2.0904	 2.8	 1.78571	 5
681	2.0936	 2.3871	 1.93617	 62
682	2.1024	 2.35735	 2.08222	 347
683	2.108	 3	 1.2	 1
684	2.102	 2.21251	 2.10694	 1567
685	2.1012	 3	 1.6	 1
686	2.1004	 2.51701	 2.09545	 147
687	2.1108	 3	 1.625	 2
688	2.1048	 3	 1.6	 1
689	2.1024	 2.38743	 2.08614	 191
690	2.1024	 2.26047	 2.08377	 645
691	2.094	 3	 2	 4
692	2.1088	 2.64	 1.97826	 25
693	2.1024	 2.4382	 1.97778	 89
694	2.1032	 2.40876	 2.1	 137
695	2.0956	 2.42342	 2.02424	 111
696	2.1008	 2.73333	 1.9375	 15
697	2.106	 2.33921	 2.0356	 227
698	2.104	 2.66667	 2.09091	 15
699	2.0948	 3	 1.25	 1
700	2.096	 3	 2.25	 1
701	2.1248	 3	 2.14286	 5
702	2.0976	 2.29952	 2.08135	 414
703	2.0976	 3	 1.7	 3
704	2.0956	 2.38596	 2.03106	 114
705	2.1064	 2.50649	 2.07759	 77
706	2.096	 2.82353	 1.91176	 17
707	2.114	 2.83333	 1.82353	 6
708	2.1084	 3	 1.4	 1
709	2.0988	 2.54839	 2.07407	 31
710	2.1056	 2.44608	 2.05802	 204
711	2.098	 3	 1.875	 2
712	2.0964	 2.5814	 1.97222	 43
713	2.0992	 3	 1.4	 1
714	2.0824	 2.61538	 2.14286	 13
715	2.0884	 3	 1.6	 1
716	2.0944	 3	 1.2	 1
717	2.096	 3	 2	 1
718	2.0916	 2.65625	 2.0531	 64
719	2.1168	 2.45763	 2.03409	 59
720	2.0944	 2.8	 1.91667	 10
721	2.0952	 2.38	 2.04265	 150
722	2.1012	 2.41401	 2.04566	 157
723	2.1012	 2.8	 1.91304	 10
724	2.0852	 3	 1.625	 2
725	2.0984	 2.32075	 2.04545	 371
726	2.098	 2.58442	 1.98438	 77
727	2.1056	 3	 2	 2
728	2.1064	 2.51515	 1.97196	 66
729	2.1104	 3	 2.14286	 3
730	2.098	 3	 1.86667	 5
731	2.1036	 2.33091	 2.07062	 275
732	2.1036	 2.45205	 2.00893	 73
733	2.098	 2.5098	 2.06579	 102
734	2.1028	 2.48544	 2.10811	 103
735	2.1016	 3	 1.6	 1
736	2.098	 2.36087	 2.06355	 230
737	2.1064	 2.8	 2.17857	 15
738	2.0988	 3	 1.625	 2
739	2.1012	 2.63636	 1.97619	 22
740	2.0948	 2.29032	 2.0499	 403
741	2.0996	 2.32639	 2.01546	 144
742	2.1116	 2.44444	 2.03965	 153
743	2.1052	 2.55556	 2.11111	 9
744	2.1036	 2.77778	 1.95238	 9
745	2.1048	 3	 2	 1
746	2.0904	 2.42012	 2.01653	 169
747	2.084	 3	 2.2	 1
748	2.092	 2.45631	 2.02614	 103
749	2.0892	 2.75	 1.9	 8
750	2.1124	 2.32676	 2.05714	 355
751	2.1004	 2.43548	 2.03279	 124
752	2.1072	 3	 1.9	 3
753	2.1092	 3	 1.8	 2
754	2.1152	 3	 1.75	 2
755	2.102	 2.28307	 2.05757	 378
756	2.1108	 2.27241	 2.09064	 569
757	2.1092	 2.58333	 2.06	 60
758	2.104	 2.29698	 2.07984	 596
759	2.1004	 2.66667	 2	 21
760	2.1028	 2.91667	 2.07692	 12
761	2.0872	 2.64706	 2.09836	 34
762	2.0948	 2.32059	 2.07062	 340
763	2.0956	 3	 1.8	 1
764	2.112	 2.69444	 1.98507	 36
765	2.1016	 2.44828	 2.06818	 116
766	2.106	 2.60714	 2.03922	 28
767	2.1012	 3	 1.75	 2
768	2.0888	 2.41176	 2.07692	 68
769	2.1104	 2.85714	 1.68421	 7
770	2.1096	 2.39556	 2.06149	 225
771	2.1204	 2.53571	 1.98901	 56
772	2.0988	 2.88889	 1.95455	 18
773	2.0792	 3	 2	 3
774	2.0948	 2.40449	 1.97674	 89
775	2.1008	 2.28244	 2.08793	 393
776	2.1056	 2.71429	 2	 21
777	2.114	 2.30973	 2.05245	 226
778	2.0988	 2.25793	 2.09204	 473
779	2.1064	 2.28341	 2.08434	 681
780	2.1032	 3	 1.96296	 13
781	2.1084	 3	 1.9	 3
782	2.1048	 2.72727	 1.91304	 11
783	2.108	 3	 1.8	 1
784	2.1008	 3	 1.9	 3
785	2.0992	 2.28289	 2.07392	 608
786	2.1	 3	 1.4	 1
787	2.0972	 2.35391	 2.06171	 486
788	2.0824	 2.5625	 2.03704	 32
789	2.1116	 2.55556	 1.97959	 27
790	2.0904	 2.42188	 2.03	 64
791	2.1016	 2.875	 1.80952	 8
792	2.1024	 3	 2	 3
793	2.1064	 2.36364	 2.03623	 99
794	2.0924	 2.4	 2.04712	 140
795	2.1004	 3	 1.875	 2
796	2.0932	 3	 1	 1
797	2.1132	 3	 2.06667	 5
798	2.1048	 2.8	 2	 5
799	2.0948	 3	 2.2	 1
800	2.1052	 2.64	 2	 25
801	2.118	 2.19699	 2.10929	 1858
802	2.1048	 3	 2	 1
803	2.116	 2.83333	 2.03846	 12
804	2.1044	 2.8	 1.95652	 10
805	2.0992	 3	 1.85714	 5
806	2.0928	 2.72727	 1.84	 11
807	2.0884	 2.26679	 2.06614	 521
808	2.0972	 2.44167	 2.02825	 120
809	2.1188	 3	 2.16667	 6
810	2.1092	 2.36777	 2.05152	 242
811	2.1052	 3	 1.875	 2
812	2.0968	 2.28864	 2.07706	 440
813	2.118	 2.5	 1.97561	 26
814	2.1028	 2.48148	 2.03876	 81
815	2.1068	 2.64286	 1.97917	 28
816	2.1036	 2.4433	 2.11194	 97
817	2.0968	 2.57895	 1.96875	 38
818	2.1016	 2.64706	 1.98387	 34
819	2.0876	 2.37241	 2.02538	 145
820	2.1012	 2.4	 2.01942	 70
821	2.1012	 2.72727	 1.86957	 11
822	2.11	 2.57692	 2	 26
823	2.0964	 3	 1.63636	 4
824	2.0992	 2.81818	 1.90476	 11
825	2.104	 2.31878	 2.04983	 229
826	2.1044	 2.63158	 2.06061	 19
827	2.0888	 2.28362	 2.07366	 818
828	2.1124	 3	 1.9375	 5
829	2.1064	 3	 2.0625	 5
830	2.082	 2.36667	 2.03318	 150
831	2.1028	 3	 1.4	 1
832	2.0968	 3	 1.8	 1
833	2.1032	 2.38095	 2.03004	 168
834	2.0992	 3	 2.125	 2
835	2.0896	 3	 1.8	 1
836	2.0948	 2.57317	 2.00704	 82
837	2.096	 2.41473	 2.07397	 258
838	2.1132	 2.58333	 2.09091	 12
839	2.0904	 2.56	 2.08889	 25
840	2.0948	 3	 1.90909	 3
841	2.0892	 2.6129	 2.06	 31
842	2.1112	 2.58824	 1.91429	 17
843	2.1124	 3	 1.8	 1
844	2.1068	 2.71429	 1.77778	 7
845	2.0904	 3	 1.8	 1
846	2.0992	 2.62069	 2	 29
847	2.1	 2.32883	 2.0662	 222
848	2.1028	 2.24811	 2.07955	 661
849	2.1192	 2.28961	 2.09703	 953
850	2.098	 2.24946	 2.09422	 922
851	2.102	 2.55556	 2.1875	 27
852	2.1072	 3	 1.8	 1
853	2.0888	 2.90909	 1.92593	 11
854	2.0976	 2.56667	 2	 30
855	2.1016	 2.36017	 2.03727	 236
856	2.096	 2.41525	 2	 118
857	2.09	 2.72727	 2.08	 11
858	2.0956	 2.28603	 2.0582	 451
859	2.1088	 2.45679	 2.0339	 81
860	2.1076	 3	 2	 2
861	2.1	 3	 2.2	 3
862	2.0972	 2.23181	 2.0788	 591
863	2.0768	 3	 1.875	 2
864	2.1052	 2.36965	 2.06	 257
865	2.1048	 3	 1.75	 3
866	2.0864	 3	 1.2	 1
867	2.1124	 2.63636	 1.975	 22
868	2.1036	 3	 1.875	 2
869	2.1024	 3	 1.91667	 4
870	2.1052	 3	 1.75	 1
871	2.1036	 2.93333	 2	 15
872	2.088	 3	 1.75	 1
873	2.1012	 3	 1.91667	 4
874	2.0856	 2.63158	 2	 19
875	2.088	 2.55814	 1.97368	 43
876	2.0948	 3	 1.625	 2
877	2.0932	 3	 1.4	 1
878	2.0928	 2.8	 2	 10
879	2.1108	 3	 2	 1
880	2.1108	 3	 2	 2
881	2.0932	 2.544	 2.09645	 125
882	2.1068	 2.61194	 2.0177	 67
883	2.102	 3	 2.2	 1
884	2.09	 2.59259	 2.04082	 27
885	2.1072	 3	 1.8	 1
886	2.094	 3	 1.75	 1
887	2.11	 3	 1.4	 1
888	2.0896	 2.875	 1.73684	 8
889	2.1096	 2.36559	 2.02326	 93
890	2.1056	 3	 1.2	 1
891	2.0972	 2.53846	 2.03676	 91
892	2.1064	 2.30357	 2	 112
893	2.0992	 2.69231	 1.88889	 13
894	2.104	 2.33333	 2.08696	 327
895	2.1028	 2.67857	 1.88	 28
896	2.102	 2.75	 2.16667	 12
897	2.0872	 2.29806	 2.05092	 567
898	2.1156	 2.23563	 2.10629	 1218
899	2.0936	 2.875	 1.90909	 8
900	2.1016	 2.44643	 2.05988	 112
901	2.0972	 3	 2.21053	 8
902	2.1052	 2.42336	 2.00962	 137
903	2.1036	 2.25411	 2.10291	 1157
904	2.0792	 2.51724	 2.05769	 29
905	2.104	 2.85714	 1.89474	 7
906	2.0924	 2.75	 1.63158	 8
907	2.0924	 2.42222	 2.06618	 90
908	2.0984	 2.47312	 2.01418	 93
909	2.1072	 2.56818	 2.02778	 44
910	2.094	 2.47126	 2.03008	 87
911	2.1	 2.46296	 2.01099	 54
912	2.0928	 2.28979	 2.08889	 666
913	2.1092	 2.45238	 2.03053	 84
914	2.1144	 3	 2	 2
915	2.094	 2.34466	 2.03559	 206
916	2.1056	 3	 1.5	 1
917	2.1044	 2.37584	 1.98122	 149
918	2.1088	 2.32215	 2.11413	 745
919	2.0988	 2.46739	 2.01418	 92
920	2.1	 2.57692	 2.04167	 26
921	2.1084	 3	 1.8	 1
922	2.1032	 2.34821	 2.08377	 448
923	2.1056	 2.55556	 1.97561	 72
924	2.1056	 3	 1.8	 1
925	2.0992	 2.23611	 2.11191	 1224
926	2.0944	 2.3722	 2.05195	 223
927	2.11	 2.29459	 2.07015	 499
928	2.0964	 3	 1.5	 2
929	2.104	 2.33708	 2.04622	 178
930	2.0944	 2.85714	 2	 7
931	2.1008	 2.28255	 2.08182	 361
932	2.1072	 2.32842	 2.08455	 475
933	2.1032	 2.875	 2	 8
934	2.1136	 3	 2	 1
935	2.0948	 3	 1.61905	 7
936	2.0984	 2.2526	 2.06117	 578
937	2.1048	 2.31544	 2.10376	 447
938	2.0976	 2.39344	 2.10569	 183
939	2.11	 2.59459	 2	 37
940	2.1132	 2.3719	 2.1179	 363
941	2.0776	 2.78571	 1.77419	 14
942	2.0968	 2.68966	 2.05556	 29
943	2.1056	 2.66667	 2	 12
944	2.0964	 2.26635	 2.08378	 627
945	2.1016	 3	 1.93333	 5
946	2.0916	 3	 2	 2
947	2.0944	 3	 1.875	 2
948	2.0944	 2.83333	 2	 12
949	2.1056	 2.88235	 1.97222	 17
950	2.1048	 2.29957	 2.08197	 691
951	2.098	 2.35354	 2.07634	 198
952	2.1088	 2.83333	 1.8125	 6
953	2.0928	 2.57143	 1.93878	 28
954	2.0972	 3	 1	 1
955	2.1012	 3	 1.8	 1
956	2.1024	 2.8	 2.09091	 5
957	2.0996	 2.5625	 1.94286	 64
958	2.1036	 2.29125	 2.06495	 594
959	2.104	 2.55172	 1.96154	 29
960	2.098	 2.625	 2	 16
961	2.1064	 2.64103	 1.95312	 39
962	2.0948	 3	 1.66667	 2
963	2.094	 2.57353	 2.08036	 68
964	2.1028	 2.33721	 2.0724	 172
965	2.1304	 3	 1.8	 1
966	2.1028	 3	 2.11765	 5
967	2.0948	 2.72222	 1.91667	 18
968	2.0848	 3	 2.2	 1
969	2.0932	 2.33631	 2.05896	 336
970	2.1108	 2.26899	 2.10159	 803
971	2.1064	 2.77778	 1.95238	 9
972	2.0944	 2.71429	 1.88889	 7
973	2.098	 3	 2.2	 1
974	2.1132	 2.3125	 2.08929	 368
975	2.09	 2.85714	 2	 7
976	2.1004	 2.30292	 2.10896	 548
977	2.1144	 3	 1.875	 2
978	2.1084	 3	 2.2	 1
979	2.0908	 2.37888	 2.08145	 161
980	2.0972	 3	 1.8	 1
981	2.0888	 2.19483	 2.08849	 1663
982	2.1108	 2.28558	 2.10372	 1047
983	2.0888	 2.8	 2	 10
984	2.0972	 3	 1.4	 1
985	2.0976	 2.22552	 2.08454	 1450
986	2.0816	 3	 1.6	 1
987	2.0952	 2.71429	 2.13333	 7
988	2.094	 2.69565	 2	 23
989	2.1068	 2.23925	 2.07446	 907
990	2.0964	 3	 1.75	 2
991	2.0884	 2.35613	 2.082	 424
992	2.1072	 3	 1.7	 3
993	2.0956	 2.50794	 1.96117	 63
994	2.0976	 2.49048	 2.05112	 210
995	2.1188	 2.45833	 1.875	 24
996	2.1044	 2.44355	 2.07514	 124
997	2.1004	 2.34018	 2.0393	 341
998	2.0968	 2.33333	 2.06557	 135
999	2.1048	 2.44792	 2.0604	 96
