# ClusterNr | averageSlope | clustersize
0	2.06557	 122
1	2.09082	 852
2	2.07214	 326
3	2.10576	 1734
4	2	 1
5	2.07377	 85
6	1.94231	 29
7	2.10769	 145
8	1.5	 2
9	2.06767	 86
10	1.92857	 32
11	2.1	 4
12	2.0813	 397
13	1.875	 7
14	2.04453	 170
15	1.91667	 11
16	2.08943	 379
17	2.07692	 5
18	1.8	 1
19	1.91892	 70
20	1.96	 27
21	2	 6
22	1.75	 5
23	2.10221	 1128
24	2.05618	 345
25	2.07951	 249
26	1.66667	 3
27	2.1002	 858
28	2.09091	 10
29	2	 3
30	2.08787	 172
31	1.4	 1
32	2.06306	 71
33	1.91429	 20
34	1.86364	 8
35	2.02	 33
36	1.84	 11
37	1.9	 3
38	2.09502	 1153
39	2.03371	 124
40	2	 6
41	2.08824	 211
42	1.95833	 11
43	2.0625	 114
44	2	 9
45	1.875	 15
46	2.00602	 102
47	2.09192	 1065
48	1.95588	 41
49	2	 2
50	2.08084	 1362
51	1.84211	 6
52	1.95455	 8
53	1.925	 19
54	1.625	 2
55	1.97059	 17
56	2.07622	 251
57	2.07692	 47
58	1.84211	 19
59	2.05455	 350
60	1.5	 2
61	1.75	 2
62	2	 10
63	1.625	 6
64	2.04819	 54
65	1.975	 22
66	1.6	 1
67	1.25	 1
68	1.88889	 3
69	2.09929	 444
70	2.01235	 50
71	2.04301	 60
72	1.75	 2
73	1.8	 14
74	2.07547	 30
75	2.0625	 6
76	2.07	 70
77	2	 6
78	2.09645	 1330
79	1.53846	 4
80	2.09569	 1108
81	1.95349	 23
82	2.05155	 135
83	1.92308	 28
84	2.05556	 6
85	2	 27
86	2.05682	 59
87	2.07711	 626
88	2.04636	 101
89	2.01754	 29
90	1.875	 2
91	1.625	 2
92	2.05612	 133
93	2	 1
94	1.86364	 25
95	1.625	 2
96	1.96	 29
97	2	 2
98	2.10145	 42
99	2.07042	 45
100	2.07752	 731
101	1.97143	 17
102	1.93333	 5
103	2.2	 4
104	2.06098	 55
105	1.72727	 3
106	1.94737	 8
107	2.02312	 121
108	2.00971	 62
109	2.04144	 250
110	2.05634	 46
111	2.09032	 809
112	1.96721	 38
113	1.2	 1
114	2.05128	 21
115	2.2	 1
116	2.05833	 78
117	1.75	 9
118	2.09795	 673
119	1.625	 2
120	2	 25
121	1.4	 1
122	2.03376	 170
123	1.89189	 18
124	1.4	 1
125	2.04569	 149
126	1.78947	 8
127	2.10684	 892
128	1.85714	 2
129	1.87143	 39
130	2	 18
131	1.84375	 14
132	1.77778	 7
133	2.10644	 1265
134	1.8	 7
135	2.10355	 261
136	1.95349	 20
137	2.09504	 370
138	1.6	 3
139	1.76923	 4
140	2	 1
141	1.80952	 8
142	2.03546	 88
143	1.8	 1
144	2.2	 1
145	1.75	 6
146	1.75	 5
147	2.04348	 44
148	2.07063	 453
149	1.75	 1
150	2.10984	 1330
151	2.0945	 908
152	1.86957	 10
153	2.09702	 638
154	2	 55
155	2.10195	 1124
156	1.78571	 5
157	2.10317	 1078
158	2.00987	 211
159	2.06122	 26
160	1.92308	 4
161	2.07143	 6
162	2.04098	 77
163	2	 6
164	2.09049	 351
165	2	 6
166	2.02	 26
167	2.04372	 128
168	2.07722	 653
169	2.1	 3
170	2	 5
171	1.96875	 13
172	2.11377	 416
173	1.96875	 14
174	2.05357	 75
175	2.05758	 245
176	2.08093	 738
177	1.625	 2
178	1.75	 1
179	2.0625	 247
180	2.01899	 99
181	1.69231	 4
182	2	 19
183	1.6	 1
184	1.90476	 9
185	2.10667	 353
186	2.11927	 250
187	1.86667	 24
188	1.86207	 13
189	2.09419	 752
190	2.2	 1
191	2.11344	 892
192	1.66667	 4
193	2.04819	 111
194	1.98551	 38
195	1.9	 9
196	2.09181	 1146
197	1.76471	 6
198	1.93333	 13
199	2	 3
200	1.625	 2
201	1.85106	 26
202	2	 6
203	2.10429	 1135
204	2.05092	 382
205	1.4	 1
206	1.71429	 5
207	1.80556	 18
208	1.95745	 24
209	2.06699	 147
210	2	 44
211	2	 2
212	1.95918	 29
213	1.96667	 11
214	1.94737	 8
215	2.10924	 83
216	2.05872	 442
217	2.0625	 56
218	2.06944	 48
219	2.08876	 564
220	2.03529	 107
221	1.89474	 7
222	2.05836	 265
223	2.08247	 140
224	2.08457	 374
225	1.96	 26
226	1.8	 1
227	1.91304	 9
228	1.83333	 2
229	2.07889	 364
230	2.16667	 2
231	2.02	 25
232	2.05473	 142
233	2.0596	 233
234	2.00885	 76
235	1.625	 6
236	1.4	 1
237	2.08448	 1024
238	2.10293	 1341
239	1.94737	 11
240	1.5	 1
241	2	 7
242	2.15385	 6
243	2	 1
244	1.6	 1
245	2.08	 93
246	1.875	 3
247	2.07539	 778
248	2.07353	 452
249	1.5	 1
250	1.6	 1
251	1.97917	 23
252	2	 12
253	1.75	 1
254	2.04237	 173
255	1.8	 1
256	1.97959	 60
257	1.88889	 3
258	2.08511	 89
259	1.93182	 23
260	1.9	 9
261	1.83333	 4
262	2	 10
263	2.01449	 44
264	1.82353	 7
265	1.90909	 25
266	1.9918	 76
267	2.10364	 1246
268	2.04398	 386
269	1.95385	 37
270	2.06726	 159
271	2.0339	 73
272	2.08065	 250
273	2.03252	 81
274	1.96154	 11
275	2.0479	 243
276	1.93023	 21
277	1.4	 1
278	1.86111	 19
279	2	 8
280	1.90909	 3
281	2.09953	 144
282	1.95402	 49
283	1.8	 1
284	1.625	 2
285	2.08654	 1660
286	1.70968	 15
287	2.125	 2
288	1.92857	 5
289	2.1156	 1059
290	1.98551	 150
291	2.07468	 990
292	2	 9
293	2.10825	 992
294	1.53846	 4
295	2.06276	 182
296	2.0101	 67
297	2.03448	 14
298	2.07026	 669
299	2.10076	 1050
300	2.02703	 19
301	2.10646	 707
302	2.08333	 4
303	2.02837	 93
304	1.8	 1
305	1.95652	 8
306	2.01899	 105
307	1.95238	 9
308	1.95588	 40
309	2	 1
310	1.89474	 8
311	1.83333	 4
312	1.98942	 128
313	2.05897	 314
314	2	 16
315	2	 31
316	1.89474	 8
317	2	 5
318	2.01242	 112
319	1.98969	 63
320	1.8	 1
321	2.04883	 394
322	1.82759	 13
323	2.01724	 33
324	1.6	 1
325	1.8	 1
326	1.98333	 34
327	1.96552	 13
328	1.8	 5
329	1.81818	 30
330	2.11227	 382
331	1.84	 12
332	2.05	 106
333	2.09266	 200
334	2.00413	 163
335	2.09412	 335
336	1.87097	 12
337	2.06667	 22
338	2.12	 34
339	2.07568	 127
340	2.04805	 257
341	2	 15
342	1.72727	 11
343	1.96296	 13
344	2.01307	 96
345	2.09574	 275
346	2	 23
347	2.0101	 60
348	2	 2
349	1.95946	 44
350	1.8	 1
351	2	 8
352	1.4	 1
353	2.11368	 1549
354	1.97436	 19
355	1.8	 1
356	1.91667	 10
357	1.6	 1
358	2	 10
359	2.01695	 32
360	1.81818	 3
361	1.70588	 6
362	2.03509	 116
363	2.01389	 156
364	1.9901	 64
365	1.90476	 9
366	2.05932	 79
367	2.12763	 1272
368	1.6	 1
369	1.71429	 2
370	1.80952	 9
371	2.01087	 62
372	1.75	 2
373	2.04891	 131
374	1.66667	 3
375	2	 2
376	2.09211	 297
377	2.10769	 40
378	2.06459	 352
379	2.06883	 395
380	1.96	 27
381	2.10944	 1281
382	2.10903	 1703
383	2.10364	 1072
384	2.05112	 240
385	2	 7
386	2.09216	 747
387	1.83871	 14
388	2.00885	 67
389	1.5	 1
390	2.07494	 337
391	2.10424	 460
392	1.98413	 86
393	2.08333	 83
394	2.07273	 27
395	1.8	 1
396	2.08477	 1103
397	1.97368	 21
398	2	 23
399	2.125	 2
400	2.03077	 35
401	2	 1
402	2.09639	 175
403	2.09358	 1223
404	1.76923	 4
405	1.96429	 13
406	2.08444	 481
407	2.02326	 23
408	2.02899	 40
409	1.625	 2
410	2.10805	 1735
411	1.9899	 60
412	2.11792	 170
413	2.08078	 1162
414	2.02206	 91
415	1.5	 2
416	1.76923	 4
417	2.05202	 257
418	1.97521	 75
419	2.09346	 67
420	2.06699	 488
421	1.89286	 13
422	2.09727	 1025
423	2	 36
424	2.0303	 17
425	2.125	 3
426	2	 63
427	2.05427	 601
428	2.01681	 81
429	1.6	 1
430	2.04934	 400
431	2.08264	 917
432	2.05333	 105
433	2	 1
434	1.93939	 39
435	1.90909	 9
436	1.73333	 5
437	2	 2
438	1.72727	 4
439	1.92157	 54
440	1.9	 8
441	2.08296	 549
442	2.02299	 54
443	1.90476	 8
444	2.0303	 17
445	2.05172	 39
446	2	 10
447	2.07038	 264
448	1.95495	 64
449	2	 3
450	2.00405	 180
451	1.875	 2
452	2	 83
453	1.95833	 10
454	1.84615	 4
455	1.83333	 2
456	2.05422	 231
457	2.02646	 132
458	2	 1
459	1.5	 1
460	2.15789	 9
461	1.94444	 7
462	2.06612	 267
463	2.10314	 1042
464	2.04	 243
465	1.625	 2
466	1.93333	 5
467	2	 2
468	1.91935	 37
469	2	 1
470	2	 4
471	1.79167	 10
472	2.07	 65
473	2.07787	 186
474	2.07801	 317
475	1.96947	 76
476	1.83333	 7
477	1.975	 22
478	1.75	 3
479	2.06635	 328
480	2.02116	 126
481	2	 18
482	1.92	 10
483	1.71429	 2
484	2.10843	 1671
485	2.09302	 29
486	2.15385	 5
487	1.82759	 14
488	2.06977	 79
489	2.08857	 268
490	2.03448	 14
491	2	 9
492	2	 1
493	2.08933	 700
494	2.03646	 142
495	2.10217	 625
496	1.8	 1
497	2.10272	 1026
498	2.08625	 1182
499	1.95506	 53
500	2.10345	 15
501	2.08962	 318
502	1.98837	 53
503	2	 1
504	2.09104	 607
505	2	 8
506	2.02691	 160
507	2.09951	 1389
508	2.04545	 70
509	2.0625	 258
510	2.06433	 119
511	1.875	 2
512	2.14286	 2
513	2	 3
514	1.6	 1
515	1.33333	 2
516	2	 8
517	2	 54
518	2.11013	 994
519	2.09804	 70
520	1.93333	 6
521	2.0119	 54
522	2	 4
523	2.00495	 143
524	2.0625	 23
525	2.04065	 284
526	1.8	 3
527	2.07849	 856
528	1.91429	 18
529	2.03876	 84
530	1.96262	 66
531	2.07512	 694
532	2	 1
533	1.9	 49
534	1.98462	 40
535	1.8	 1
536	2.07176	 313
537	2.06034	 80
538	2.07447	 64
539	2.03448	 13
540	2.01186	 183
541	2.07572	 668
542	1.99408	 120
543	2.01224	 177
544	1.72	 11
545	1.96471	 49
546	1.99057	 69
547	1.91667	 4
548	1.5	 2
549	1.92593	 11
550	2	 45
551	1.4	 1
552	2.05714	 222
553	1.8	 1
554	2.07275	 555
555	1.88235	 16
556	1.95	 8
557	2.07407	 12
558	1.2	 1
559	1.84615	 4
560	1.75	 2
561	1.9726	 40
562	1.95745	 24
563	1.83333	 4
564	2.14286	 5
565	2.08856	 192
566	1.8	 1
567	2.0531	 73
568	2.13725	 193
569	2.13043	 7
570	2.05882	 8
571	1.88889	 9
572	2.04378	 336
573	1.9878	 50
574	2.07143	 143
575	1.61111	 7
576	1.94495	 68
577	1.95714	 43
578	2	 4
579	1.85714	 5
580	2	 139
581	1.99379	 112
582	2.08547	 175
583	1.95	 11
584	1.76923	 4
585	1.6	 1
586	1.8	 3
587	1.88235	 7
588	1.95652	 8
589	2.08322	 575
590	2.08638	 234
591	2.1039	 47
592	1.98734	 107
593	1.70588	 17
594	2.02	 28
595	1.76471	 6
596	2	 1
597	1.625	 2
598	2.125	 2
599	2	 9
600	1.84615	 4
601	2.06349	 38
602	2	 1
603	1.9878	 172
604	2.07293	 508
605	1.92308	 10
606	1.85714	 5
607	2.03716	 223
608	1.96774	 14
609	2.02381	 22
610	2.08065	 127
611	1.93333	 25
612	1.7	 8
613	2.07303	 119
614	2.04018	 161
615	1.90476	 9
616	2	 18
617	1	 1
618	1.5	 2
619	1.86667	 14
620	2	 36
621	2.06061	 297
622	2	 1
623	1.86667	 6
624	2.03478	 78
625	2	 9
626	1.9	 12
627	2.0264	 223
628	2.06033	 435
629	2.05556	 337
630	1.6	 1
631	2.04944	 348
632	2	 1
633	2.06004	 385
634	1.88	 29
635	2.07082	 274
636	2	 12
637	2.10526	 20
638	1.66667	 5
639	2.07396	 516
640	2.12551	 407
641	1.875	 6
642	1.92683	 23
643	1.8	 1
644	1.9375	 6
645	1.6	 1
646	2.03289	 93
647	1.78571	 5
648	1.8	 1
649	2.09119	 543
650	2	 1
651	2.02469	 49
652	1.5	 2
653	2.125	 11
654	1.4	 1
655	2.2	 1
656	2.05941	 314
657	1.79167	 9
658	1.6	 1
659	2.06667	 5
660	1.5	 1
661	2.08165	 865
662	2.1	 4
663	2.09474	 127
664	1.75	 1
665	1.85	 8
666	2.04938	 114
667	2.2	 1
668	2.05706	 246
669	2	 1
670	2.05161	 106
671	2.0339	 41
672	2	 10
673	2.00855	 79
674	2.09091	 4
675	1.8	 1
676	1.4	 1
677	1.8	 5
678	2.11847	 394
679	2	 60
680	2.07473	 214
681	1.8	 1
682	2.04082	 26
683	2	 4
684	1.4	 3
685	1.71429	 9
686	2.04839	 125
687	1.6	 1
688	2.04878	 57
689	1.9759	 49
690	1.75	 2
691	1.80952	 9
692	2.13423	 104
693	1.97468	 50
694	2.06773	 395
695	2	 1
696	1.9	 3
697	1.8	 1
698	2.06579	 110
699	2.07216	 205
700	2.02463	 126
701	2.02844	 147
702	1.84615	 4
703	1.82609	 10
704	2.04044	 199
705	2.01923	 63
706	1.8	 1
707	2.03448	 13
708	1.99038	 66
709	2.07143	 25
710	2.04396	 116
711	2.06027	 338
712	1.6	 3
713	2.05545	 421
714	2.04723	 394
715	2.08333	 30
716	1.79167	 11
717	2.06329	 296
718	2	 44
719	2.2	 1
720	1.8	 1
721	2.10663	 863
722	1.88889	 11
723	1.95652	 10
724	2	 5
725	1.625	 2
726	2.08704	 402
727	2.09729	 684
728	1.87037	 28
729	2.09756	 23
730	1.75	 2
731	2.03614	 111
732	2.09968	 512
733	1.9726	 44
734	2	 12
735	2.07388	 607
736	1.75	 2
737	2.02778	 21
738	1.96774	 38
739	1.75	 1
740	2.11538	 105
741	1.63636	 3
742	1.90625	 13
743	2.02041	 29
744	1.83333	 10
745	2	 21
746	2.05508	 164
747	2.1105	 127
748	2.2	 3
749	2.07641	 1129
750	2.01183	 105
751	2	 1
752	2.07087	 183
753	2.08696	 10
754	2.05054	 202
755	1.91667	 4
756	1.6	 1
757	2.125	 2
758	2.08202	 749
759	1.76923	 5
760	2	 2
761	1.89744	 19
762	1.95833	 13
763	1.94118	 15
764	1.8	 1
765	2.04219	 171
766	2.07708	 831
767	2.07716	 245
768	1.96629	 54
769	2.02564	 82
770	1.9375	 6
771	1.84483	 31
772	1.76923	 6
773	2.03704	 82
774	1.98519	 86
775	2.09985	 552
776	2.08333	 43
777	1.86667	 5
778	1.6	 1
779	1.83333	 7
780	1.6	 1
781	2.10054	 283
782	2.05882	 316
783	2.03597	 95
784	2.08961	 371
785	1.85	 9
786	1.85714	 5
787	1.97581	 85
788	1.6	 1
789	2.05136	 235
790	1.76923	 4
791	2.08789	 796
792	1.84211	 8
793	2.12245	 24
794	1.92857	 5
795	2.10394	 217
796	1.88889	 6
797	2.07887	 276
798	1.91667	 10
799	1.94318	 58
800	1.92308	 20
801	1.82609	 12
802	2.02128	 26
803	2.06081	 473
804	2.0566	 704
805	1.93103	 13
806	2.06067	 383
807	1.86486	 18
808	1.9375	 76
809	2.01639	 78
810	2.08639	 994
811	2.1044	 1427
812	2.10125	 730
813	1.89286	 14
814	1.75	 1
815	1.94595	 19
816	2.03448	 38
817	1.90909	 11
818	1.8	 1
819	2.04335	 271
820	1.94737	 7
821	2.06897	 29
822	1.8	 1
823	1.95238	 22
824	2.06	 27
825	2.07196	 1137
826	1.9901	 64
827	2.03488	 324
828	1.5	 3
829	2.11111	 7
830	2	 4
831	1.94737	 9
832	2.10237	 638
833	2.08362	 208
834	2.03077	 39
835	2.07767	 70
836	2.07407	 161
837	1.93548	 16
838	1.98058	 65
839	2.025	 15
840	1.97279	 96
841	2.01754	 75
842	2.1	 747
843	2.02312	 118
844	2	 13
845	2	 6
846	2.05455	 33
847	2.08673	 628
848	2.2	 1
849	2	 1
850	1.9375	 16
851	1.88889	 11
852	1.6	 1
853	1.75	 1
854	2.07782	 200
855	1.91358	 45
856	2.06173	 55
857	2.09524	 8
858	1.9375	 6
859	2	 3
860	1.88889	 7
861	2.09153	 1525
862	2.09833	 491
863	2.10316	 367
864	1.92857	 11
865	1.4	 1
866	2.04762	 7
867	2.2	 1
868	2.05921	 479
869	2.07969	 650
870	2.06838	 74
871	1.7	 4
872	1.90244	 20
873	2.02827	 191
874	2	 6
875	1.96774	 13
876	2.08725	 1162
877	2.10999	 1218
878	1.91304	 34
879	2	 1
880	1.96296	 36
881	2.2	 1
882	2.0749	 590
883	2.07523	 452
884	2.05882	 53
885	2.09598	 839
886	2.05051	 60
887	1.75	 5
888	2	 1
889	1.8	 1
890	1.96154	 12
891	2.10606	 43
892	1.78947	 8
893	1.96774	 56
894	2.02721	 98
895	2.1047	 1154
896	1.75	 1
897	2.06831	 565
898	1.85294	 16
899	1.875	 2
900	2.06767	 82
901	2.05769	 28
902	1.7	 3
903	2.0203	 136
904	2.09385	 797
905	1	 1
906	1.89474	 20
907	2	 1
908	1.8	 3
909	1.8913	 25
910	1.75	 1
911	2.07197	 712
912	2.1	 321
913	2	 1
914	1.91304	 11
915	2.05574	 237
916	1.875	 2
917	1.9	 9
918	2.01613	 35
919	1.5	 2
920	1.9	 20
921	2.06738	 210
922	1.9932	 101
923	2.03472	 90
924	2.07815	 461
925	2.03401	 97
926	2.06494	 234
927	1.875	 2
928	2.05556	 43
929	2	 1
930	1.925	 22
931	1.6875	 6
932	2.09298	 385
933	1.8	 1
934	2	 2
935	2.05072	 189
936	2.10024	 1504
937	2.10397	 1445
938	1.91954	 49
939	1.93333	 17
940	1.98404	 135
941	2.0122	 108
942	1.97297	 24
943	1.9661	 33
944	2.08192	 526
945	1.98611	 45
946	1.6	 1
947	1.75	 5
948	1.75	 2
949	2.02521	 67
950	2.07495	 466
951	2.07143	 393
952	1.9	 3
953	1.64286	 5
954	2.07792	 53
955	1.84615	 5
956	2.0625	 241
957	2.11266	 641
958	2.00795	 373
959	1.97436	 76
960	2.2	 4
961	1.75	 2
962	1.94118	 6
963	1.9375	 6
964	1.875	 2
965	2.10692	 538
966	2.06098	 52
967	1.99065	 71
968	1.4	 1
969	2.12217	 640
970	2.08571	 17
971	2.09615	 30
972	2.10664	 1381
973	1.6	 1
974	1.9375	 6
975	2.08883	 970
976	2.02929	 182
977	1.8	 3
978	2.06408	 544
979	1.91304	 25
980	2.11571	 1199
981	1.94444	 7
982	1.80952	 8
983	1.8	 8
984	1.2	 1
985	2	 2
986	2.09198	 720
987	2.08333	 19
988	1.91667	 4
989	2.02703	 47
990	2.08011	 264
991	2.10011	 803
992	2.10172	 581
993	2.08081	 63
994	1.8	 3
995	1.8	 1
996	2.01325	 105
997	2	 3
998	2.0459	 229
999	2.06107	 89
# Mean =1.95323	Variance = 2.83282e-05